村里,2024-2022,2024民眾黨,2022村里長得票,2024投票數,2024選舉人數,2024投票率,里長姓名,里長政黨
嘉義縣中埔鄉三層村,-216,51,267,387,582,66.49,賴燦北,無
嘉義縣中埔鄉中埔村,-276,236,512,421,627,67.15,游淑貞,無
嘉義縣中埔鄉中崙村,-139,22,161,185,270,68.52,謝文科,無
嘉義縣中埔鄉同仁村,-140,206,346,813,1132,71.82,田成伍,無
嘉義縣中埔鄉和睦村,14,493,479,861,1229,70.06,嚴添福,無
嘉義縣中埔鄉和美村,693,1021,328,894,1333,67.07,林世通,無
嘉義縣中埔鄉和興村,426,826,400,745,1147,64.95,劉守仁,無
嘉義縣中埔鄉塩舘村,-170,131,301,614,900,68.22,陳火盛,無
嘉義縣中埔鄉富收村,-137,413,550,691,1025,67.41,蕭清忠,無
嘉義縣中埔鄉東興村,-166,41,207,238,349,68.19,曾正發,無
嘉義縣中埔鄉沄水村,-178,95,273,306,445,68.76,何長運,無
嘉義縣中埔鄉深坑村,-289,76,365,476,669,71.15,邱成佑,無
嘉義縣中埔鄉灣潭村,-293,98,391,620,958,64.72,蔡建旺,無
嘉義縣中埔鄉瑞豐村,-328,91,419,484,688,70.35,陳章瑞,無
嘉義縣中埔鄉石硦村,-364,106,470,156,254,61.42,林聰柏,無
嘉義縣中埔鄉社口村,-80,250,330,266,411,64.72,張聰敏,無
嘉義縣中埔鄉義仁村,-205,206,411,402,552,72.83,黃榮義,無
嘉義縣中埔鄉裕民村,-175,95,270,564,840,67.14,方進財,無
嘉義縣中埔鄉金蘭村,11,215,204,512,742,69.00,張石彈,無
嘉義縣中埔鄉隆興村,-157,224,381,516,742,69.54,梁清輝,無
嘉義縣中埔鄉頂埔村,-227,134,361,650,909,71.51,羅偉銘,無
嘉義縣中埔鄉龍門村,-309,112,421,521,739,70.50,張羅麵粉,無
嘉義縣六腳鄉三義村,-29,59,88,342,512,66.80,蔡聰享,無
嘉義縣六腳鄉六南村,-172,29,201,309,486,63.58,楊惠誌,無
嘉義縣六腳鄉六斗村,-387,95,482,568,846,67.14,康珍,無
嘉義縣六腳鄉六腳村,-245,63,308,428,679,63.03,陳餘慶,無
嘉義縣六腳鄉古林村,-215,56,271,418,626,66.77,吳嘉旺,無
嘉義縣六腳鄉塗師村,-300,54,354,401,579,69.26,侯新發,無
嘉義縣六腳鄉崙陽村,-234,129,363,681,979,69.56,蘇彬福,無
嘉義縣六腳鄉崩山村,-210,49,259,360,578,62.28,謝英彬,無
嘉義縣六腳鄉工廠村,-91,17,108,148,196,75.51,黃江正,無
嘉義縣六腳鄉更寮村,8,57,49,288,420,68.57,蕭明正,無
嘉義縣六腳鄉正義村,-150,137,287,146,203,71.92,林麗珍,無
嘉義縣六腳鄉永賢村,-165,25,190,270,428,63.08,陳永誠,無
嘉義縣六腳鄉港美村,-308,66,374,440,664,66.27,林哲祥,無
嘉義縣六腳鄉溪厝村,-176,54,230,366,536,68.28,黃柏瑄,無
嘉義縣六腳鄉潭墘村,-385,65,450,517,808,63.99,侯水順,無
嘉義縣六腳鄉灣北村,-325,119,444,736,1100,66.91,陳日炎,無
嘉義縣六腳鄉灣南村,-565,128,693,780,1093,71.36,趙素娟,無
嘉義縣六腳鄉竹本村,-208,42,250,354,563,62.88,莊正光,無
嘉義縣六腳鄉蒜南村,-201,105,306,622,830,74.94,黃福,無
嘉義縣六腳鄉蒜東村,-267,80,347,499,746,66.89,侯文通,無
嘉義縣六腳鄉蒜頭村,-472,109,581,760,1090,69.72,呂松助,無
嘉義縣六腳鄉蘇厝村,-667,184,851,938,1387,67.63,蘇庭芳,無
嘉義縣六腳鄉豐美村,-314,98,412,663,929,71.37,黃在崎,無
嘉義縣六腳鄉雙涵村,-359,68,427,536,822,65.21,鄭月素,無
嘉義縣六腳鄉魚寮村,-36,52,88,368,579,63.56,陳金照,無
嘉義縣大埔鄉和平村,-61,58,119,167,316,52.85,吳慶煌,無
嘉義縣大埔鄉大埔村,-293,143,436,397,706,56.23,陳天助,無
嘉義縣大埔鄉永樂村,-139,39,178,83,171,48.54,劉秋香,無
嘉義縣大埔鄉茄苳村,-76,60,136,223,481,46.36,張連進,無
嘉義縣大埔鄉西興村,-335,32,367,317,547,57.95,林昆廣,無
嘉義縣大林鎮三和里,-112,254,366,681,991,68.72,陳慶璋,無
嘉義縣大林鎮三村里,-305,115,420,543,771,70.43,蘇華佑,無
嘉義縣大林鎮三角里,-228,82,310,536,779,68.81,黃振南,無
嘉義縣大林鎮上林里,-234,89,323,538,752,71.54,陳煦湘,無
嘉義縣大林鎮中坑里,8,130,122,679,967,70.22,劉清源,無
嘉義縣大林鎮中林里,-464,188,652,1045,1458,71.67,林勝立,無
嘉義縣大林鎮內林里,-166,70,236,458,628,72.93,簡忠義,無
嘉義縣大林鎮吉林里,-472,95,567,639,861,74.22,孫美鳳,無
嘉義縣大林鎮大糖里,-76,9,85,116,170,68.24,蕭淑芬,無
嘉義縣大林鎮大美里,-335,185,520,968,1472,65.76,蔡伯利,無
嘉義縣大林鎮平林里,415,891,476,1045,1473,70.94,葉秀齡,無
嘉義縣大林鎮排路里,-245,60,305,394,560,70.36,呂新章,無
嘉義縣大林鎮明和里,-590,333,923,604,854,70.73,李清課,無
嘉義縣大林鎮明華里,-239,140,379,756,1075,70.33,劉燕山,無
嘉義縣大林鎮東林里,-204,62,266,352,487,72.28,陳建安,無
嘉義縣大林鎮湖北里,-189,63,252,406,581,69.88,林昭松,無
嘉義縣大林鎮溝背里,-461,97,558,617,877,70.35,江春源,無
嘉義縣大林鎮義和里,-143,76,219,437,625,69.92,張啓君,無
嘉義縣大林鎮西林里,-88,250,338,616,863,71.38,劉建男,無
嘉義縣大林鎮西結里,-163,78,241,456,665,68.57,蔡宜靜,無
嘉義縣大林鎮過溪里,-331,160,491,957,1361,70.32,簡明煌,無
嘉義縣太保市前潭里,-75,199,274,505,687,73.51,林俊哲,無
嘉義縣太保市北新里,253,547,294,826,1162,71.08,許一進,無
嘉義縣太保市南新里,-116,266,382,580,794,73.05,葉全成,無
嘉義縣太保市埤鄉里,-165,85,250,462,641,72.07,林峯名,無
嘉義縣太保市太保里,-172,375,547,915,1294,70.71,郭秀琴,無
嘉義縣太保市安仁里,37,469,432,129,194,66.49,陳政龍,無
嘉義縣太保市崙頂里,-379,116,495,576,790,72.91,張騰耀,無
嘉義縣太保市後庄里,-194,59,253,299,437,68.42,沈得山,無
嘉義縣太保市後潭里,-120,253,373,531,729,72.84,蔡樹福,無
嘉義縣太保市新埤里,-106,158,264,429,602,71.26,徐錦昌,無
嘉義縣太保市春珠里,-324,168,492,837,1183,70.75,蔡德村,無
嘉義縣太保市東勢里,-132,316,448,655,903,72.54,龔栩慶,無
嘉義縣太保市梅埔里,-51,156,207,488,695,70.22,官德發,無
嘉義縣太保市港尾里,-47,58,105,208,289,71.97,陳富翔,無
嘉義縣太保市田尾里,-44,66,110,304,453,67.11,陳憲發,無
嘉義縣太保市舊埤里,175,440,265,558,797,70.01,蘇逸婷,無
嘉義縣太保市過溝里,343,600,257,785,1085,72.35,葉隆詳,無
嘉義縣太保市麻寮里,338,848,510,600,902,66.52,侯水波,無
嘉義縣布袋鎮中安里,-332,123,455,839,1276,65.75,李吉雄,無
嘉義縣布袋鎮九龍里,-100,47,147,225,332,67.77,蔡明宏,無
嘉義縣布袋鎮光復里,-192,158,350,618,905,68.29,蔡重慶,無
嘉義縣布袋鎮好美里,-424,109,533,675,1069,63.14,蘇元勲,無
嘉義縣布袋鎮岑海里,-206,250,456,595,903,65.89,翁億頴,無
嘉義縣布袋鎮岱江里,-54,58,112,373,561,66.49,蔡宗榮,無
嘉義縣布袋鎮復興里,-379,241,620,666,1036,64.29,蘇清鴻,無
嘉義縣布袋鎮振寮里,-326,76,402,424,664,63.86,莊貴翔,無
嘉義縣布袋鎮新厝里,-130,77,207,408,646,63.16,蕭明展,無
嘉義縣布袋鎮新岑里,-475,72,547,600,878,68.34,蔡政擧,無
嘉義縣布袋鎮新民里,-347,114,461,794,1254,63.32,蔡承佑,無
嘉義縣布袋鎮東安里,-558,125,683,845,1223,69.09,陳兩傳,無
嘉義縣布袋鎮東港里,-104,214,318,601,894,67.23,林榮泰,無
嘉義縣布袋鎮樹林里,-49,48,97,204,283,72.08,王翠雯,無
嘉義縣布袋鎮永安里,-308,100,408,661,1018,64.93,邱添丁,無
嘉義縣布袋鎮江山里,-131,23,154,193,268,72.01,翁振家,無
嘉義縣布袋鎮考試里,-66,7,73,72,111,64.86,陳泰和,無
嘉義縣布袋鎮興中里,-299,110,409,677,997,67.90,蕭維漢,無
嘉義縣布袋鎮菜舖里,-152,22,174,227,355,63.94,莊啓佑,無
嘉義縣布袋鎮西安里,-364,74,438,682,1057,64.52,陳福地,無
嘉義縣布袋鎮見龍里,-337,111,448,557,806,69.11,黃清基,無
嘉義縣布袋鎮貴舍里,-215,41,256,388,591,65.65,張豐欣,無
嘉義縣布袋鎮龍江里,-176,64,240,441,701,62.91,蕭吳王珠,無
嘉義縣新港鄉三間村,-105,246,351,406,570,71.23,蕭金修,無
嘉義縣新港鄉中庄村,-282,226,508,509,711,71.59,張秀安,無
嘉義縣新港鄉中洋村,-478,137,615,682,969,70.38,江德欽,無
嘉義縣新港鄉共和村,-357,96,453,577,825,69.94,洪金成,無
嘉義縣新港鄉北崙村,-156,46,202,304,448,67.86,蔡秀芳,無
嘉義縣新港鄉南崙村,-438,85,523,612,842,72.68,王張素女,無
嘉義縣新港鄉南港村,-212,102,314,676,981,68.91,鄭錦煌,無
嘉義縣新港鄉古民村,-106,155,261,457,645,70.85,郭忠和,無
嘉義縣新港鄉埤子村,-338,1,339,359,513,69.98,張世立,無
嘉義縣新港鄉大潭村,-120,208,328,540,770,70.13,林陳麥,無
嘉義縣新港鄉大興村,-318,172,490,456,618,73.79,林益生,無
嘉義縣新港鄉安和村,-242,95,337,640,933,68.60,吳崑崗,無
嘉義縣新港鄉宮前村,-55,350,405,740,1024,72.27,邱聰益,無
嘉義縣新港鄉宮後村,-264,200,464,496,663,74.81,陳圳岸,無
嘉義縣新港鄉月潭村,-274,189,463,507,744,68.15,李冠樟,無
嘉義縣新港鄉月眉村,-339,202,541,546,736,74.18,林明泰,無
嘉義縣新港鄉板頭村,-238,62,300,373,519,71.87,杜徐灑,無
嘉義縣新港鄉海瀛村,-227,46,273,331,471,70.28,郭祐旭,無
嘉義縣新港鄉溪北村,-237,151,388,445,601,74.04,李明棟,無
嘉義縣新港鄉潭大村,-353,108,461,743,1095,67.85,江錦澤,無
嘉義縣新港鄉福德村,-288,184,472,559,760,73.55,郭正欽,無
嘉義縣新港鄉菜公村,-398,142,540,655,928,70.58,林黃秀玉,無
嘉義縣新港鄉西庄村,-198,112,310,600,874,68.65,梁勝萬,無
嘉義縣朴子市中正里,-212,78,290,435,574,75.78,蘇俊偉,無
嘉義縣朴子市仁和里,-65,360,425,1355,1888,71.77,陳麗嬌,無
嘉義縣朴子市佳禾里,-312,85,397,477,694,68.73,何玉合,無
嘉義縣朴子市內厝里,-528,155,683,782,1054,74.19,彭永達,無
嘉義縣朴子市南竹里,-178,42,220,320,466,68.67,陳崑備,無
嘉義縣朴子市博厚里,-356,129,485,631,829,76.12,康國榮,無
嘉義縣朴子市双溪里,-171,61,232,389,598,65.05,黃振卿,無
嘉義縣朴子市大葛里,20,458,438,1073,1535,69.90,涂葉素華,無
嘉義縣朴子市大鄉里,183,420,237,919,1307,70.31,涂國和,無
嘉義縣朴子市安福里,-157,253,410,808,1110,72.79,林岳平,無
嘉義縣朴子市崁前里,-269,78,347,553,831,66.55,方松林,無
嘉義縣朴子市崁後里,-228,63,291,449,681,65.93,張清洝,無
嘉義縣朴子市平和里,-267,300,567,881,1218,72.33,蘇黃寳玉,無
嘉義縣朴子市德家里,-188,61,249,495,735,67.35,黃玉寬,無
嘉義縣朴子市德興里,-538,103,641,733,995,73.67,侯茂昆,無
嘉義縣朴子市文化里,-313,192,505,504,706,71.39,楊石旭,無
嘉義縣朴子市新寮里,-217,79,296,431,635,67.87,張昭林,無
嘉義縣朴子市新庄里,-178,89,267,449,645,69.61,薛世傑,無
嘉義縣朴子市松華里,-256,106,362,759,1160,65.43,王崇炫,無
嘉義縣朴子市梅華里,-442,101,543,678,965,70.26,黃勝義,無
嘉義縣朴子市永和里,3,330,327,914,1285,71.13,余永寬,無
嘉義縣朴子市溪口里,-259,82,341,526,744,70.70,侯金地,無
嘉義縣朴子市竹圍里,179,664,485,1099,1509,72.83,莊長源,無
嘉義縣朴子市竹村里,-242,157,399,759,1046,72.56,郭文典,無
嘉義縣朴子市開元里,-115,35,150,262,349,75.07,林耀堂,無
嘉義縣朴子市順天里,-218,80,298,435,593,73.36,吳博鈺,無
嘉義縣朴子市順安里,-119,16,135,153,226,67.70,涂添煌,無
嘉義縣東石鄉三家村,-480,116,596,696,1092,63.74,蕭振部,無
嘉義縣東石鄉下揖村,-309,55,364,439,689,63.72,陳慶堂,無
嘉義縣東石鄉副瀨村,-448,81,529,565,829,68.15,林泰平,無
嘉義縣東石鄉圍潭村,-282,59,341,412,621,66.34,莊讚芬,無
嘉義縣東石鄉型厝村,-716,99,815,775,1240,62.50,黃進忠,無
嘉義縣東石鄉塭仔村,-321,80,401,545,878,62.07,鄭叁泰,無
嘉義縣東石鄉塭港村,-891,109,1000,956,1538,62.16,許錫林,無
嘉義縣東石鄉掌潭村,-77,72,149,266,400,66.50,蕭榮馨,無
嘉義縣東石鄉東崙村,-46,76,122,214,352,60.80,王木源,無
嘉義縣東石鄉東石村,-465,188,653,735,1127,65.22,黃錫雄,無
嘉義縣東石鄉永屯村,-214,88,302,490,699,70.10,陳智煌,無
嘉義縣東石鄉洲仔村,-384,80,464,529,775,68.26,鄭清木,無
嘉義縣東石鄉海埔村,-137,28,165,232,360,64.44,曾金能,無
嘉義縣東石鄉港口村,-99,30,129,170,275,61.82,丁振管,無
嘉義縣東石鄉港墘村,-636,120,756,822,1119,73.46,嚴玄明,無
嘉義縣東石鄉溪下村,-312,77,389,568,934,60.81,張居雙,無
嘉義縣東石鄉猿樹村,-209,64,273,539,873,61.74,黃聰吉,無
嘉義縣東石鄉網寮村,-335,89,424,693,1134,61.11,戴慶堂,無
嘉義縣東石鄉蔦松村,-267,80,347,522,794,65.74,余澄溪,無
嘉義縣東石鄉西崙村,-306,122,428,696,1032,67.44,唐啓泰,無
嘉義縣東石鄉頂揖村,-75,37,112,117,161,72.67,張麗霞,無
嘉義縣東石鄉鰲鼓村,-18,116,134,621,972,63.89,李銘春,無
嘉義縣東石鄉龍港村,-474,61,535,511,813,62.85,吳振德,無
嘉義縣梅山鄉半天村,-121,26,147,220,332,66.27,朱文重,無
嘉義縣梅山鄉双溪村,-187,61,248,379,508,74.61,楊國賓,無
嘉義縣梅山鄉圳北村,-338,58,396,391,560,69.82,郭聰明,無
嘉義縣梅山鄉圳南村,-229,41,270,258,371,69.54,江瑞淵,無
嘉義縣梅山鄉大南村,-111,190,301,605,816,74.14,吳順源,無
嘉義縣梅山鄉太和村,-119,85,204,345,526,65.59,官國翔,無
嘉義縣梅山鄉太平村,-172,51,223,302,463,65.23,嚴清雅,無
嘉義縣梅山鄉太興村,-190,49,239,279,409,68.22,簡慶輝,無
嘉義縣梅山鄉安靖村,-231,78,309,515,756,68.12,黃坤水,無
嘉義縣梅山鄉梅北村,71,606,535,798,1117,71.44,施淵元,無
嘉義縣梅山鄉梅南村,-249,75,324,563,813,69.25,涂明賢,無
嘉義縣梅山鄉梅東村,-471,254,725,619,900,68.78,劉文科,無
嘉義縣梅山鄉永興村,-247,48,295,338,472,71.61,劉耀坤,無
嘉義縣梅山鄉瑞峯村,-251,70,321,457,684,66.81,黃文中,無
嘉義縣梅山鄉瑞里村,-191,67,258,420,580,72.41,林相卿,無
嘉義縣梅山鄉碧湖村,-102,23,125,191,268,71.27,簡金榜,無
嘉義縣梅山鄉過山村,-158,57,215,374,509,73.48,吳明岩,無
嘉義縣梅山鄉龍眼村,-166,37,203,239,375,63.73,李國道,無
嘉義縣民雄鄉三興村,-314,211,525,1006,1338,75.19,莊柏桐,無
嘉義縣民雄鄉中和村,-459,173,632,730,987,73.96,何石生,無
嘉義縣民雄鄉中央村,-512,152,664,881,1224,71.98,劉文明,無
嘉義縣民雄鄉中樂村,-344,195,539,1103,1463,75.39,洪源漳,無
嘉義縣民雄鄉北斗村,299,852,553,1048,1446,72.48,謝志宏,無
嘉義縣民雄鄉双福村,-71,384,455,756,1048,72.14,黃福元,無
嘉義縣民雄鄉大崎村,-345,328,673,694,1002,69.26,陳谷全,無
嘉義縣民雄鄉寮頂村,-126,333,459,803,1057,75.97,黃玉蓮,無
嘉義縣民雄鄉山中村,-105,493,598,872,1210,72.07,鄭永欽,無
嘉義縣民雄鄉平和村,-373,108,481,592,807,73.36,許水松,無
嘉義縣民雄鄉文隆村,-135,396,531,1036,1370,75.62,黃琮壹,無
嘉義縣民雄鄉東榮村,-192,320,512,900,1236,72.82,張金富,無
嘉義縣民雄鄉東湖村,-280,240,520,496,731,67.85,呂春木,無
嘉義縣民雄鄉東興村,-124,61,185,357,502,71.12,翁有義,無
嘉義縣民雄鄉松山村,31,225,194,684,1043,65.58,楊良治,無
嘉義縣民雄鄉福樂村,809,1130,321,909,1280,71.02,簡元煌,無
嘉義縣民雄鄉福權村,-416,229,645,1132,1510,74.97,賴建利,無
嘉義縣民雄鄉福興村,4,265,261,697,893,78.05,張永錚,無
嘉義縣民雄鄉秀林村,92,404,312,1156,1607,71.94,吳彩琴,無
嘉義縣民雄鄉興中村,-78,259,337,616,922,66.81,姚鋒鍾,無
嘉義縣民雄鄉興南村,67,449,382,916,1278,71.67,金宏癸,無
嘉義縣民雄鄉菁埔村,-57,222,279,645,882,73.13,何清鑫,無
嘉義縣民雄鄉西安村,-340,469,809,1226,1653,74.17,江源發,無
嘉義縣民雄鄉西昌村,-416,115,531,623,815,76.44,張家福,無
嘉義縣民雄鄉豊收村,72,299,227,732,1021,71.69,陳正溪,無
嘉義縣民雄鄉金興村,-453,435,888,950,1343,70.74,何建明,無
嘉義縣民雄鄉鎮北村,-95,258,353,1046,1423,73.51,張英梓,無
嘉義縣民雄鄉頂崙村,-325,211,536,1002,1419,70.61,劉育良,無
嘉義縣水上鄉三和村,-13,260,273,674,940,71.70,鍾文一,無
嘉義縣水上鄉三界村,-393,116,509,663,945,70.16,陳重鏞,無
嘉義縣水上鄉三鎮村,-243,66,309,416,609,68.31,林志忠,中國國民黨
嘉義縣水上鄉下寮村,-128,284,412,480,641,74.88,陳順增,無
嘉義縣水上鄉中庄村,-15,197,212,724,1074,67.41,張新德,無
嘉義縣水上鄉內溪村,-225,158,383,842,1186,70.99,黃炳輝,無
嘉義縣水上鄉南和村,-105,134,239,514,705,72.91,羅錕毅,無
嘉義縣水上鄉南鄉村,-240,121,361,573,875,65.49,謝魏雪鳳,無
嘉義縣水上鄉回歸村,-185,42,227,302,405,74.57,李福來,無
嘉義縣水上鄉國姓村,-354,89,443,755,1151,65.60,林信安,無
嘉義縣水上鄉塗溝村,-338,110,448,576,790,72.91,呂銘珍,無
嘉義縣水上鄉大堀村,70,215,145,490,612,80.07,凃文卿,無
嘉義縣水上鄉大崙村,-116,256,372,669,1003,66.70,呂文煜,無
嘉義縣水上鄉寬士村,-27,551,578,945,1348,70.10,黃榮郎,無
嘉義縣水上鄉忠和村,-186,179,365,689,1000,68.90,張順興,無
嘉義縣水上鄉柳新村,-68,260,328,559,782,71.48,陳皇如,無
嘉義縣水上鄉柳林村,35,362,327,615,877,70.13,黃奇鋒,無
嘉義縣水上鄉柳鄉村,-122,264,386,759,1023,74.19,黃義坤,無
嘉義縣水上鄉民生村,-77,410,487,1028,1450,70.90,吳彥騰,無
嘉義縣水上鄉水上村,206,608,402,662,978,67.69,蔡宗河,無
嘉義縣水上鄉水頭村,40,384,344,827,1123,73.64,黃桂湄,無
嘉義縣水上鄉溪洲村,-235,112,347,701,984,71.24,林基農,無
嘉義縣水上鄉粗溪村,82,209,127,831,1179,70.48,曾龍興,無
嘉義縣水上鄉義興村,-211,116,327,589,792,74.37,陳美英,無
嘉義縣水上鄉靖和村,-164,34,198,281,373,75.34,蘇慶光,無
嘉義縣水上鄉龍德村,-283,223,506,751,986,76.17,林建呈,無
嘉義縣溪口鄉坪頂村,-212,103,315,594,841,70.63,鄭力升,無
嘉義縣溪口鄉妙崙村,-87,83,170,449,636,70.60,黃仁宏,無
嘉義縣溪口鄉本厝村,-93,104,197,352,522,67.43,葉得祿,無
嘉義縣溪口鄉林腳村,-298,110,408,473,711,66.53,許彩鳳,無
嘉義縣溪口鄉柳溝村,-76,105,181,260,369,70.46,王之憤,無
嘉義縣溪口鄉柴林村,-286,26,312,473,711,66.53,王日生,無
嘉義縣溪口鄉游東村,-459,82,541,614,901,68.15,邱茂森,無
嘉義縣溪口鄉游西村,-307,57,364,419,622,67.36,孫文章,無
嘉義縣溪口鄉溪北村,-3,81,84,251,364,68.96,張躍達,無
嘉義縣溪口鄉溪東村,-502,165,667,860,1210,71.07,謝陸成,無
嘉義縣溪口鄉溪西村,-260,69,329,450,634,70.98,陳獻仁,無
嘉義縣溪口鄉疊溪村,-63,184,247,601,835,71.98,劉慶維,無
嘉義縣溪口鄉美北村,-395,132,527,473,711,66.53,陳淑惠,無
嘉義縣溪口鄉美南村,-242,134,376,698,1052,66.35,陳文添,無
嘉義縣番路鄉下坑村,-199,278,477,655,893,73.35,李啟榮,無
嘉義縣番路鄉內甕村,-147,61,208,295,423,69.74,張景添,無
嘉義縣番路鄉公田村,-221,122,343,180,288,62.50,陳良典,無
嘉義縣番路鄉公興村,-239,28,267,299,468,63.89,張俊國,無
嘉義縣番路鄉大湖村,-235,50,285,359,587,61.16,邱振聲,無
嘉義縣番路鄉新福村,-34,151,185,502,736,68.21,江啓賓,無
嘉義縣番路鄉民和村,-287,111,398,621,854,72.72,蔡海選,無
嘉義縣番路鄉江西村,-561,154,715,786,1119,70.24,陳素卿,無
嘉義縣番路鄉番路村,-441,93,534,560,793,70.62,謝居彰,無
嘉義縣番路鄉草山村,-48,35,83,110,152,72.37,吳政龍,無
嘉義縣番路鄉觸口村,-185,127,312,441,766,57.57,鄭建泰,無
嘉義縣竹崎鄉中和村,-103,109,212,173,306,56.54,洪銀盛,無
嘉義縣竹崎鄉仁壽村,-85,20,105,116,242,47.93,王陳素梅,無
嘉義縣竹崎鄉光華村,-27,65,92,290,408,71.08,鄧德勝,無
嘉義縣竹崎鄉內埔村,-556,219,775,1116,1493,74.75,林甜,無
嘉義縣竹崎鄉和平村,-178,277,455,693,951,72.87,許全模,無
嘉義縣竹崎鄉坑頭村,-347,80,427,465,711,65.40,蕭吳青,無
嘉義縣竹崎鄉塘興村,-130,90,220,321,437,73.46,劉錚謨,無
嘉義縣竹崎鄉復金村,-278,226,504,608,850,71.53,劉國輝,無
嘉義縣竹崎鄉文峯村,-151,72,223,412,603,68.33,王泳焜,無
嘉義縣竹崎鄉昇平村,-74,196,270,492,730,67.40,柳皇安,無
嘉義縣竹崎鄉桃源村,-147,97,244,202,322,62.73,林俊和,無
嘉義縣竹崎鄉沙坑村,-400,90,490,567,792,71.59,蕭火耀,無
嘉義縣竹崎鄉灣橋村,528,677,149,865,1267,68.27,洪安定,無
嘉義縣竹崎鄉獅埜村,-379,142,521,830,1151,72.11,莊金桐,無
嘉義縣竹崎鄉白杞村,-181,54,235,388,578,67.13,林重男,無
嘉義縣竹崎鄉竹崎村,112,349,237,872,1242,70.21,游素秋,無
嘉義縣竹崎鄉紫雲村,-240,183,423,930,1316,70.67,蕭俊良,無
嘉義縣竹崎鄉緞繻村,37,92,55,484,749,64.62,蕭素惠,無
嘉義縣竹崎鄉義仁村,-248,108,356,667,990,67.37,蔡宜蓁,無
嘉義縣竹崎鄉義和村,-155,75,230,442,589,75.04,鄭隆興,無
嘉義縣竹崎鄉義隆村,-173,76,249,433,605,71.57,葉志紘,無
嘉義縣竹崎鄉金獅村,-170,20,190,255,382,66.75,林炳煌,無
嘉義縣竹崎鄉鹿滿村,-260,188,448,956,1326,72.10,林添居,無
嘉義縣竹崎鄉龍山村,-590,239,829,134,192,69.79,李樺鑫,無
嘉義縣義竹鄉中平村,-39,20,59,188,291,64.60,謝添丁,無
嘉義縣義竹鄉五厝村,-129,35,164,240,354,67.80,顏福在,無
嘉義縣義竹鄉仁里村,-348,82,430,582,804,72.39,翁文宏,中國國民黨
嘉義縣義竹鄉傳芳村,-272,75,347,483,704,68.61,翁璋賜,無
嘉義縣義竹鄉六桂村,-275,87,362,705,1074,65.64,黃江山,無
嘉義縣義竹鄉北華村,-217,50,267,365,543,67.22,蔡明賢,無
嘉義縣義竹鄉埤前村,-240,69,309,487,697,69.87,蔡榮文,無
嘉義縣義竹鄉官和村,-427,73,500,496,756,65.61,王鐘啓,無
嘉義縣義竹鄉官順村,-141,28,169,238,394,60.41,陳樹成,無
嘉義縣義竹鄉岸腳村,-49,63,112,284,425,66.82,卓榮宏,無
嘉義縣義竹鄉平溪村,-107,51,158,293,401,73.07,温哲男,無
嘉義縣義竹鄉後鎮村,-171,36,207,284,398,71.36,張耿豪,無
嘉義縣義竹鄉新富村,-186,37,223,323,475,68.00,林福傳,無
嘉義縣義竹鄉新店村,-258,125,383,329,495,66.46,葉朝賢,無
嘉義縣義竹鄉東光村,-4,47,51,383,535,71.59,趙崇福,無
嘉義縣義竹鄉東榮村,-128,23,151,236,353,66.86,陳光輝,無
嘉義縣義竹鄉東過村,-245,72,317,503,791,63.59,康榮郎,無
嘉義縣義竹鄉溪洲村,-27,39,66,346,498,69.48,鄭黃君誠,無
嘉義縣義竹鄉義竹村,-77,143,220,522,732,71.31,翁山鳳,無
嘉義縣義竹鄉西過村,-311,82,393,494,764,64.66,曾旭村,無
嘉義縣義竹鄉頭竹村,-518,125,643,805,1145,70.31,黃榮利,無
嘉義縣義竹鄉龍蛟村,-199,41,240,330,516,63.95,黃銘弘,無
嘉義縣阿里山鄉中山村,-130,35,165,219,349,62.75,朱海良,無
嘉義縣阿里山鄉中正村,-51,26,77,110,164,67.07,林孝州,無
嘉義縣阿里山鄉來吉村,-129,18,147,201,295,68.14,武正清,無
嘉義縣阿里山鄉十字村,-6,20,26,144,225,64.00,許瑞文,無
嘉義縣阿里山鄉山美村,-128,56,184,279,461,60.52,莊信義,無
嘉義縣阿里山鄉新美村,-103,23,126,154,269,57.25,莊良賢,無
嘉義縣阿里山鄉樂野村,-183,90,273,604,915,66.01,石仁民,無
嘉義縣阿里山鄉茶山村,-93,19,112,170,260,65.38,李立德,無
嘉義縣阿里山鄉豐山村,-147,24,171,182,291,62.54,陳建富,無
嘉義縣阿里山鄉達邦村,-221,67,288,495,798,62.03,浦維德,無
嘉義縣阿里山鄉里佳村,-133,15,148,147,235,62.55,安高德,無
嘉義縣阿里山鄉香林村,-49,15,64,71,123,57.72,陳勝安,無
嘉義縣鹿草鄉三角村,4,132,128,711,975,72.92,黃忠明,無
嘉義縣鹿草鄉下潭村,-298,74,372,509,754,67.51,吳輝臨,無
嘉義縣鹿草鄉下麻村,-13,66,79,231,299,77.26,張世榮,無
嘉義縣鹿草鄉光潭村,-473,80,553,647,940,68.83,郭豐銘,無
嘉義縣鹿草鄉後堀村,-29,132,161,575,804,71.52,陳信同,無
嘉義縣鹿草鄉後寮村,-195,42,237,352,490,71.84,汪宗生,無
嘉義縣鹿草鄉施家村,-201,35,236,258,404,63.86,施青宏,無
嘉義縣鹿草鄉松竹村,-358,91,449,548,862,63.57,林明助,無
嘉義縣鹿草鄉碧潭村,-422,84,506,604,882,68.48,林添旺,無
嘉義縣鹿草鄉竹山村,-41,75,116,446,627,71.13,歐陽群宏,無
嘉義縣鹿草鄉西井村,-375,154,529,885,1267,69.85,黃德旺,無
嘉義縣鹿草鄉豊稠村,-42,54,96,216,318,67.92,柯百倡,無
嘉義縣鹿草鄉重寮村,-360,73,433,648,958,67.64,張戴隨,無
嘉義縣鹿草鄉鹿東村,-214,54,268,364,511,71.23,陳重安,無
嘉義縣鹿草鄉鹿草村,-198,152,350,855,1206,70.90,陳天謀,無
