村里,2024-2022,2024民眾黨,2022村里長得票,2024投票數,2024選舉人數,2024投票率,里長姓名,里長政黨
基隆市七堵區八德里,-337,201,538,163,273,59.71,余文財,無
基隆市七堵區六堵里,-101,338,439,635,926,68.57,余良盛,無
基隆市七堵區友一里,91,291,200,690,964,71.58,蕭雪,無
基隆市七堵區友二里,-161,32,193,322,439,73.35,蘇秋福,無
基隆市七堵區堵北里,26,628,602,1225,1754,69.84,謝孟翰,無
基隆市七堵區堵南里,-105,330,435,719,1025,70.15,余佩儒,無
基隆市七堵區富民里,89,500,411,768,1030,74.56,吳明宗,中國國民黨
基隆市七堵區實踐里,237,602,365,922,1299,70.98,張曉玫,無
基隆市七堵區正光里,58,352,294,776,1025,75.71,許正聲,無
基隆市七堵區正明里,-64,261,325,683,947,72.12,謝連堂,無
基隆市七堵區永安里,-125,342,467,836,1158,72.19,陳君治,無
基隆市七堵區永平里,-129,255,384,697,909,76.68,黃朝家,無
基隆市七堵區泰安里,135,747,612,1099,1580,69.56,詹仁豪,無
基隆市七堵區瑪南里,-94,52,146,262,388,67.53,蘇陳素花,無
基隆市七堵區瑪東里,-102,37,139,234,323,72.45,尤羿茹,無
基隆市七堵區瑪西里,-144,38,182,220,317,69.40,陳美雲,無
基隆市七堵區百福里,441,1034,593,694,1044,66.48,何孟翰,無
基隆市七堵區自強里,-413,156,569,792,1110,71.35,張仁化,無
基隆市七堵區長安里,63,362,299,811,1226,66.15,陳栓基,無
基隆市七堵區長興里,151,570,419,859,1171,73.36,姚琴富,無
基隆市中山區中和里,376,820,444,826,1214,68.04,蘇彩雪,無
基隆市中山區中山里,-406,132,538,639,916,69.76,羅予廷,無
基隆市中山區中興里,-485,163,648,842,1163,72.40,李進發,無
基隆市中山區仁正里,-132,110,242,493,684,72.08,陳炳楠,無
基隆市中山區仙洞里,-209,51,260,357,528,67.61,何銘松,無
基隆市中山區健民里,-400,135,535,747,1085,68.85,郭正勇,無
基隆市中山區協和里,-165,202,367,986,1426,69.14,張中信,民主進步黨
基隆市中山區和平里,-128,51,179,320,420,76.19,張和妹,無
基隆市中山區和慶里,513,1038,525,1005,1594,63.05,陳嘉和,無
基隆市中山區太白里,-220,122,342,528,808,65.35,鄭吉雄,無
基隆市中山區安平里,-364,92,456,522,709,73.62,楊榮豐,無
基隆市中山區安民里,-256,126,382,717,954,75.16,羅聰德,無
基隆市中山區居仁里,-132,162,294,802,1200,66.83,洪文慶,無
基隆市中山區德和里,738,1080,342,809,1034,78.24,曾聖為,無
基隆市中山區德安里,225,601,376,855,1220,70.08,卓憶如,無
基隆市中山區文化里,-104,149,253,668,1216,54.93,潘誼樺,無
基隆市中山區新建里,-171,91,262,523,744,70.30,高瑞堂,無
基隆市中山區民治里,-179,90,269,526,732,71.86,黃國偉,無
基隆市中山區西定里,-202,114,316,593,838,70.76,謝萬利,無
基隆市中山區西康里,-347,186,533,951,1465,64.91,張繼志,無
基隆市中山區西榮里,-140,92,232,438,630,69.52,許美玉,無
基隆市中山區西華里,-354,100,454,546,756,72.22,陳柏豪,無
基隆市中山區通化里,-359,129,488,647,935,69.20,徐麗玲,無
基隆市中山區通明里,-64,203,267,518,763,67.89,蘇祐平,無
基隆市中正區中正里,-588,185,773,981,1510,64.97,梁火龍,無
基隆市中正區中濱里,-415,182,597,826,1198,68.95,謝家榮,無
基隆市中正區中砂里,-491,189,680,910,1626,55.97,廖文雄,無
基隆市中正區中船里,-343,152,495,743,1075,69.12,蔣春生,中國國民黨
基隆市中正區信義里,-303,122,425,570,824,69.17,江添丁,無
基隆市中正區入船里,-286,86,372,481,706,68.13,郭蒼成,無
基隆市中正區八斗里,-568,150,718,929,1381,67.27,杜劍秋,無
基隆市中正區和憲里,-319,108,427,547,868,63.02,蘇來成,無
基隆市中正區平寮里,-403,152,555,741,1122,66.04,蔡淑貞,無
基隆市中正區建國里,5,270,265,746,1063,70.18,王雅蘭,無
基隆市中正區德義里,-265,109,374,471,622,75.72,張建源,無
基隆市中正區新富里,514,802,288,972,1414,68.74,莊紫濠,無
基隆市中正區新豐里,876,1163,287,633,995,63.62,丁麗娜,無
基隆市中正區正濱里,-374,114,488,563,863,65.24,林耀基,中國國民黨
基隆市中正區正砂里,-68,304,372,793,1115,71.12,陳枋菱,無
基隆市中正區正義里,-325,141,466,796,1108,71.84,駱錫賢,中國國民黨
基隆市中正區正船里,-290,158,448,799,1112,71.85,沈陸成,無
基隆市中正區海濱里,-327,125,452,726,1100,66.00,莊哲豪,無
基隆市中正區港通里,-260,160,420,905,1189,76.11,林政宏,無
基隆市中正區真砂里,-370,164,534,885,1244,71.14,魏君龍,中國國民黨
基隆市中正區砂子里,481,779,298,777,1188,65.40,陳俊宇,無
基隆市中正區砂灣里,-115,234,349,799,1130,70.71,簡曉東,中國國民黨
基隆市中正區碧砂里,-383,125,508,745,1120,66.52,黃志強,中國國民黨
基隆市中正區社寮里,-18,234,252,629,931,67.56,范詠翔,無
基隆市中正區義重里,-345,124,469,638,903,70.65,林世英,無
基隆市中正區長潭里,-186,43,229,313,404,77.48,鍾麗美,無
基隆市仁愛區仁德里,-142,123,265,587,791,74.21,王朝成,無
基隆市仁愛區兆連里,-250,94,344,482,675,71.41,潘國龍,中國國民黨
基隆市仁愛區光華里,-261,323,584,745,1311,56.83,陳世豐,無
基隆市仁愛區博愛里,89,201,112,745,962,77.44,邱三元,無
基隆市仁愛區吉仁里,-111,317,428,828,1199,69.06,李建德,無
基隆市仁愛區同風里,-107,72,179,388,560,69.29,戴學禮,無
基隆市仁愛區和明里,-186,302,488,560,738,75.88,陳建平,無
基隆市仁愛區崇文里,-245,120,365,611,836,73.09,陳明楷,無
基隆市仁愛區德厚里,-40,244,284,708,911,77.72,莊育超,無
基隆市仁愛區忠勇里,-340,133,473,636,888,71.62,林羅清梅,無
基隆市仁愛區文安里,-264,105,369,540,798,67.67,李隆進,無
基隆市仁愛區文昌里,-308,66,374,503,689,73.00,王明清,無
基隆市仁愛區新店里,-258,54,312,408,532,76.69,陳祐益,無
基隆市仁愛區明德里,-166,84,250,480,653,73.51,許文杰,無
基隆市仁愛區智仁里,34,302,268,802,1138,70.47,林志堅,中國國民黨
基隆市仁愛區曲水里,-306,90,396,521,722,72.16,徐鄭麗鳳,無
基隆市仁愛區書院里,-240,143,383,748,1085,68.94,林文肯,中國國民黨
基隆市仁愛區朝棟里,-216,360,576,725,1109,65.37,李光健,無
基隆市仁愛區林泉里,0,244,244,506,824,61.41,駱俊雄,無
基隆市仁愛區水錦里,28,273,245,615,870,70.69,林國星,無
基隆市仁愛區獅球里,-389,137,526,626,928,67.46,林錦榮,無
基隆市仁愛區玉田里,-221,118,339,615,862,71.35,闕美玉,中國國民黨
基隆市仁愛區福仁里,-312,89,401,516,715,72.17,林木火,無
基隆市仁愛區育仁里,-197,91,288,454,668,67.96,藍正信,無
基隆市仁愛區花崗里,-348,173,521,716,979,73.14,姜永國,無
基隆市仁愛區英仁里,-19,141,160,423,605,69.92,羅景安,無
基隆市仁愛區虹橋里,-14,247,261,978,1395,70.11,李碧霞,無
基隆市仁愛區誠仁里,-277,120,397,603,838,71.96,洪棟全,無
基隆市仁愛區龍門里,-159,112,271,526,753,69.85,林宗益,無
基隆市信義區仁壽里,-119,175,294,741,977,75.84,張富凱,無
基隆市信義區仁義里,-458,166,624,891,1145,77.82,王柏力,中國國民黨
基隆市信義區信綠里,-29,265,294,670,931,71.97,吳銘達,無
基隆市信義區孝岡里,-525,222,747,925,1282,72.15,吳石金,無
基隆市信義區孝德里,-28,475,503,1000,1472,67.93,朱志偉,無
基隆市信義區孝忠里,911,1489,578,1093,1434,76.22,林崇道,中國國民黨
基隆市信義區孝深里,633,898,265,1329,1685,78.87,郭姵萱,無
基隆市信義區孝賢里,-218,551,769,695,965,72.02,莊琬琳,中國國民黨
基隆市信義區智慧里,-272,106,378,517,709,72.92,蔡美玉,無
基隆市信義區智誠里,-452,202,654,964,1422,67.79,何希華,無
基隆市信義區東信里,108,665,557,487,696,69.97,賴姵綺,無
基隆市信義區東光里,11,288,277,640,930,68.82,李偉華,無
基隆市信義區東安里,-210,361,571,1007,1394,72.24,林睿騰,中國國民黨
基隆市信義區東明里,208,509,301,894,1259,71.01,翁誠鍾,無
基隆市信義區禮儀里,-295,227,522,1062,1478,71.85,郭金德,中國國民黨
基隆市信義區禮東里,-484,250,734,1058,1402,75.46,賴興泉,中國國民黨
基隆市信義區義和里,-410,158,568,866,1489,58.16,蔡麗月,民主進步黨
基隆市信義區義幸里,-326,293,619,805,1080,74.54,李王環,無
基隆市信義區義昭里,-534,175,709,935,1241,75.34,童冠睿,無
基隆市信義區義民里,-238,106,344,522,726,71.90,連轉旺,無
基隆市安樂區七賢里,-14,303,317,831,1150,72.26,鍾尚倫,無
基隆市安樂區三民里,-199,294,493,791,1100,71.91,簡義雄,無
基隆市安樂區中崙里,-341,282,623,1186,1670,71.02,李源林,無
基隆市安樂區五福里,-330,491,821,1159,1657,69.95,舒瑞利,無
基隆市安樂區內寮里,420,859,439,884,1239,71.35,嚴福神,無
基隆市安樂區六合里,52,608,556,1073,1546,69.40,潘德發,無
基隆市安樂區嘉仁里,-198,445,643,1237,1770,69.89,王貴美,無
基隆市安樂區四維里,200,784,584,1170,1474,79.38,黃雅玲,無
基隆市安樂區壯觀里,537,802,265,1255,1650,76.06,陳威竹,無
基隆市安樂區外寮里,-87,566,653,1041,1504,69.22,顏厚廣,無
基隆市安樂區安和里,-161,125,286,596,802,74.31,童意鵬,無
基隆市安樂區定國里,-249,128,377,654,956,68.41,徐寅禹,無
基隆市安樂區定邦里,-419,117,536,691,932,74.14,林惠蓮,無
基隆市安樂區干城里,-35,232,267,899,1345,66.84,俞秀真,中國國民黨
基隆市安樂區慈仁里,-166,98,264,581,814,71.38,陳禮信,無
基隆市安樂區新崙里,-73,682,755,1585,2165,73.21,林金龍,無
基隆市安樂區新西里,-193,173,366,866,1256,68.95,黃世榮,無
基隆市安樂區樂一里,-233,95,328,455,623,73.03,楊德成,無
基隆市安樂區武崙里,387,849,462,1024,1491,68.68,李文財,無
基隆市安樂區永康里,102,271,169,934,1355,68.93,陳銘坤,無
基隆市安樂區興寮里,107,716,609,1130,1629,69.37,黃書筠,無
基隆市安樂區西川里,-361,121,482,742,1125,65.96,王忠誠,無
基隆市安樂區長樂里,133,557,424,1325,1704,77.76,張德發,無
基隆市安樂區鶯安里,680,915,235,1183,1551,76.27,王曉菁,無
基隆市安樂區鶯歌里,-73,365,438,766,1327,57.72,王俊琳,無
基隆市暖暖區八中里,-62,55,117,271,388,69.85,林浩隆,無
基隆市暖暖區八南里,-216,91,307,504,764,65.97,陳碧琴,無
基隆市暖暖區八堵里,-161,64,225,387,574,67.42,蔡毓濱,無
基隆市暖暖區八西里,-311,197,508,456,672,67.86,林明傳,無
基隆市暖暖區暖同里,-87,379,466,786,1072,73.32,李傳河,無
基隆市暖暖區暖暖里,89,411,322,1083,1446,74.90,陳建興,無
基隆市暖暖區暖東里,-108,61,169,256,381,67.19,林嘉萬,無
基隆市暖暖區暖西里,502,868,366,1078,1507,71.53,詹凱傑,無
基隆市暖暖區碇內里,-141,417,558,948,1259,75.30,林錦隆,無
基隆市暖暖區碇和里,56,505,449,725,986,73.53,林香,無
基隆市暖暖區碇安里,223,851,628,1004,1326,75.72,余冠龍,無
基隆市暖暖區碇祥里,665,1041,376,821,1188,69.11,馮瑞枝,無
基隆市暖暖區過港里,155,582,427,693,1009,68.68,楊慎選,無
