村里,2024-2022,2024民眾黨,2022村里長得票,2024投票數,2024選舉人數,2024投票率,里長姓名,里長政黨
彰化縣二林鎮中西里,-254,171,425,397,609,65.19,洪秋邦,無
彰化縣二林鎮北平里,140,438,298,654,937,69.80,陳凱偉,無
彰化縣二林鎮南光里,148,460,312,679,974,69.71,洪淑女,無
彰化縣二林鎮原斗里,-546,151,697,854,1171,72.93,莊坤錫,無
彰化縣二林鎮外竹里,-357,101,458,596,923,64.57,顏信鴻,無
彰化縣二林鎮大永里,-331,125,456,571,821,69.55,莊明章,無
彰化縣二林鎮廣興里,-495,133,628,823,1262,65.21,詹金水,無
彰化縣二林鎮後厝里,80,577,497,662,958,69.10,詹順吉,無
彰化縣二林鎮復豐里,-317,75,392,443,662,66.92,曾進賜,無
彰化縣二林鎮振興里,-163,133,296,731,1107,66.03,楊貴葉,無
彰化縣二林鎮東勢里,-223,115,338,610,925,65.95,傅精用,無
彰化縣二林鎮東和里,-145,315,460,555,818,67.85,洪大順,無
彰化縣二林鎮東興里,-115,229,344,499,751,66.44,王元裕,無
彰化縣二林鎮東華里,-444,85,529,650,936,69.44,曾文昌,無
彰化縣二林鎮梅芳里,-310,146,456,711,1030,69.03,吳錦龍,無
彰化縣二林鎮永興里,-128,182,310,551,797,69.13,陳加勝,無
彰化縣二林鎮興華里,-448,140,588,775,1115,69.51,洪建民,無
彰化縣二林鎮華崙里,-173,412,585,750,1112,67.45,張俊卿,無
彰化縣二林鎮萬合里,-298,111,409,656,1031,63.63,林福在,無
彰化縣二林鎮萬興里,-262,104,366,509,720,70.69,謝來旺,無
彰化縣二林鎮西平里,-256,211,467,1031,1484,69.47,洪勝峰,無
彰化縣二林鎮西庄里,-319,175,494,877,1271,69.00,洪漢中,無
彰化縣二林鎮西斗里,-207,122,329,695,989,70.27,蔡淑芬,無
彰化縣二林鎮豐田里,19,348,329,416,680,61.18,吳朝章,無
彰化縣二林鎮趙甲里,-275,176,451,477,674,70.77,曾免,無
彰化縣二林鎮頂厝里,-476,146,622,750,1246,60.19,洪明宏,無
彰化縣二林鎮香田里,-470,103,573,622,986,63.08,陳格俊,無
彰化縣二水鄉上豊村,-305,126,431,660,894,73.83,李新富,無
彰化縣二水鄉二水村,-302,31,333,559,754,74.14,楊景林,無
彰化縣二水鄉五伯村,-169,91,260,436,600,72.67,陳志傑,無
彰化縣二水鄉修仁村,-164,122,286,549,753,72.91,陳星佑,無
彰化縣二水鄉倡和村,-213,52,265,373,535,69.72,鄭慶松,無
彰化縣二水鄉光化村,-143,113,256,630,855,73.68,張惠明,無
彰化縣二水鄉十五村,-305,87,392,460,644,71.43,黃秀花,無
彰化縣二水鄉合和村,-403,104,507,548,790,69.37,董碧顏,無
彰化縣二水鄉合興村,-348,35,383,447,635,70.39,張窓明,無
彰化縣二水鄉大園村,-243,97,340,512,724,70.72,陳建仁,無
彰化縣二水鄉復興村,-268,123,391,700,934,74.95,張叁寶,無
彰化縣二水鄉惠民村,-242,76,318,549,749,73.30,莊秀英,無
彰化縣二水鄉文化村,-181,116,297,660,911,72.45,林友隆,無
彰化縣二水鄉源泉村,-169,67,236,447,635,70.39,張鈞雲,無
彰化縣二水鄉聖化村,-117,58,175,294,402,73.13,鄭鴻志,無
彰化縣二水鄉裕民村,-429,127,556,659,957,68.86,許美月,無
彰化縣二水鄉過圳村,-259,106,365,414,587,70.53,羅澄麃,無
彰化縣伸港鄉七嘉村,247,585,338,719,958,75.05,柯天來,無
彰化縣伸港鄉什股村,31,507,476,745,1071,69.56,林世意,無
彰化縣伸港鄉全興村,-291,245,536,553,792,69.82,陳恭志,無
彰化縣伸港鄉埤墘村,-507,300,807,516,665,77.59,柯宏坤,無
彰化縣伸港鄉大同村,-25,602,627,1070,1448,73.90,陳源森,無
彰化縣伸港鄉定興村,-103,476,579,979,1368,71.56,柯素眉,無
彰化縣伸港鄉新港村,400,909,509,998,1350,73.93,蔡復成,無
彰化縣伸港鄉曾家村,-246,281,527,600,852,70.42,曾添進,無
彰化縣伸港鄉汴頭村,-243,412,655,775,1062,72.98,何俊昌,無
彰化縣伸港鄉泉厝村,-429,189,618,892,1219,73.17,洪勝賢,無
彰化縣伸港鄉泉州村,-31,362,393,801,1056,75.85,陳清泉,無
彰化縣伸港鄉海尾村,-229,287,516,673,904,74.45,黃建達,無
彰化縣伸港鄉溪底村,-188,407,595,618,880,70.23,柯丁財,無
彰化縣伸港鄉蚵寮村,-498,118,616,793,1119,70.87,薛壁鈴,無
彰化縣北斗鎮七星里,-209,211,420,482,641,75.20,易世朋,無
彰化縣北斗鎮中和里,-272,213,485,894,1246,71.75,李宏裕,無
彰化縣北斗鎮中寮里,7,411,404,672,895,75.08,陳傳富,無
彰化縣北斗鎮五權里,-272,85,357,452,622,72.67,謝正良,無
彰化縣北斗鎮光復里,-204,291,495,567,787,72.05,許俊士,無
彰化縣北斗鎮大新里,-148,319,467,585,830,70.48,陳孟麒,無
彰化縣北斗鎮大道里,-14,349,363,827,1101,75.11,許明圖,無
彰化縣北斗鎮居仁里,-35,205,240,457,587,77.85,陳東榮,無
彰化縣北斗鎮文昌里,200,555,355,712,970,73.40,傅俊嘉,無
彰化縣北斗鎮新政里,-294,116,410,521,748,69.65,傅銘霖,無
彰化縣北斗鎮新生里,-210,282,492,701,1039,67.47,吳金郎,無
彰化縣北斗鎮東光里,-157,401,558,828,1119,73.99,呂學銘,無
彰化縣北斗鎮西安里,-196,294,490,576,769,74.90,林義平,無
彰化縣北斗鎮西德里,146,725,579,772,1063,72.62,黃志忠,無
彰化縣北斗鎮重慶里,-229,75,304,371,507,73.18,陳肇基,無
彰化縣和美鎮中圍里,23,514,491,676,882,76.64,李松春,無
彰化縣和美鎮中寮里,-328,170,498,754,1052,71.67,林順泉,無
彰化縣和美鎮仁愛里,-77,532,609,980,1406,69.70,黃合志,無
彰化縣和美鎮南佃里,-167,382,549,816,1123,72.66,陳淑美,無
彰化縣和美鎮和北里,-171,306,477,620,859,72.18,吳華晃,無
彰化縣和美鎮和南里,-94,62,156,280,373,75.07,謝美娥,無
彰化縣和美鎮和東里,333,758,425,797,1044,76.34,尤堃宏,無
彰化縣和美鎮和西里,-17,537,554,760,1002,75.85,黃明卿,無
彰化縣和美鎮嘉寶里,-112,341,453,740,1023,72.34,邵萬興,無
彰化縣和美鎮嘉犁里,-8,334,342,753,975,77.23,陳英傑,無
彰化縣和美鎮四張里,99,518,419,1040,1409,73.81,柯雪月,無
彰化縣和美鎮地潭里,-349,124,473,568,781,72.73,林麗芳,無
彰化縣和美鎮塗厝里,-231,282,513,557,805,69.19,陳建興,中國國民黨
彰化縣和美鎮大霞里,-117,219,336,540,755,71.52,陳萬車,無
彰化縣和美鎮好修里,-190,233,423,485,658,73.71,陳信義,無
彰化縣和美鎮山犁里,531,1039,508,1000,1338,74.74,柯駿榮,無
彰化縣和美鎮新庄里,-37,467,504,808,1103,73.25,王溪成,無
彰化縣和美鎮月眉里,203,533,330,726,976,74.39,蔡東穎,無
彰化縣和美鎮柑井里,258,580,322,821,1102,74.50,陳惠絹,無
彰化縣和美鎮湖內里,-322,198,520,864,1152,75.00,姚鴻輝,無
彰化縣和美鎮源埤里,-152,332,484,684,959,71.32,謝忠復,無
彰化縣和美鎮犁盛里,-100,375,475,784,1030,76.12,黃正炘,無
彰化縣和美鎮竹園里,-203,174,377,729,903,80.73,周秋霞,無
彰化縣和美鎮竹營里,772,1119,347,878,1260,69.68,王金英,無
彰化縣和美鎮糖友里,407,873,466,722,960,75.21,何吉盛,無
彰化縣和美鎮詔安里,-70,336,406,702,957,73.35,廖汶凌,無
彰化縣和美鎮還社里,-216,150,366,643,829,77.56,趙崇丞,無
彰化縣和美鎮鎮平里,-233,506,739,1111,1448,76.73,李崇彥,無
彰化縣和美鎮鐵山里,-5,462,467,967,1279,75.61,李添鎮,無
彰化縣和美鎮雅溝里,-310,214,524,922,1260,73.17,王麗君,無
彰化縣和美鎮面前里,-15,426,441,1015,1347,75.35,劉建村,無
彰化縣和美鎮頭前里,-103,320,423,589,793,74.27,葉國明,無
彰化縣員林市三信里,-178,401,579,906,1208,75.00,黃寅,無
彰化縣員林市三和里,748,1087,339,896,1159,77.31,吳權勝,無
彰化縣員林市三多里,-183,527,710,931,1277,72.91,黃再瑞,無
彰化縣員林市三愛里,-45,585,630,703,913,77.00,黃雅惠,無
彰化縣員林市三條里,-10,474,484,963,1267,76.01,張凱翔,無
彰化縣員林市三橋里,231,583,352,682,905,75.36,賴柏諺,無
彰化縣員林市三義里,73,416,343,829,1166,71.10,林錦泉,無
彰化縣員林市中央里,-20,318,338,778,1031,75.46,鐘政義,無
彰化縣員林市中山里,-161,84,245,402,535,75.14,楊鳳塔,無
彰化縣員林市中東里,21,302,281,600,838,71.60,曹炎權,無
彰化縣員林市中正里,20,548,528,552,786,70.23,陳進發,無
彰化縣員林市仁愛里,53,244,191,543,691,78.58,陳楊秀錦,無
彰化縣員林市仁美里,-55,361,416,534,788,67.77,黃秀雅,無
彰化縣員林市光明里,-168,106,274,561,734,76.43,蕭淑娟,無
彰化縣員林市出水里,-40,259,299,653,919,71.06,邱式麟,無
彰化縣員林市南平里,782,1033,251,871,1168,74.57,吳國勝,無
彰化縣員林市南東里,-16,303,319,649,929,69.86,黃家富,無
彰化縣員林市南興里,511,837,326,710,923,76.92,王榮展,無
彰化縣員林市和平里,108,435,327,603,829,72.74,陳素嬌,無
彰化縣員林市大埔里,-77,330,407,749,1034,72.44,游庭訓,無
彰化縣員林市大峯里,-355,94,449,523,694,75.36,江茂達,無
彰化縣員林市大明里,-191,374,565,950,1196,79.43,張政岳,無
彰化縣員林市大饒里,-128,533,661,721,996,72.39,張明勤,無
彰化縣員林市崙雅里,-159,357,516,736,979,75.18,張永鑫,無
彰化縣員林市忠孝里,-73,341,414,899,1257,71.52,洪光旭,無
彰化縣員林市惠來里,642,977,335,753,1029,73.18,游朝元,無
彰化縣員林市振興里,-194,457,651,984,1338,73.54,謝堂權,無
彰化縣員林市新生里,385,704,319,997,1315,75.82,巫吉清,無
彰化縣員林市新興里,-265,98,363,500,661,75.64,張厚穰,無
彰化縣員林市東北里,-226,396,622,735,1009,72.84,曹震西,無
彰化縣員林市東和里,-331,174,505,715,998,71.64,劉淑靜,無
彰化縣員林市林厝里,66,457,391,716,1017,70.40,蕭富子,無
彰化縣員林市民生里,59,392,333,596,835,71.38,蕭上筆,無
彰化縣員林市浮圳里,-236,358,594,716,1013,70.68,江玉堅,無
彰化縣員林市湖水里,-339,166,505,757,1113,68.01,黃欽玉,無
彰化縣員林市源潭里,-177,267,444,647,862,75.06,陳忠和,無
彰化縣員林市溝皂里,-106,504,610,1076,1390,77.41,張衍澧,無
彰化縣員林市萬年里,387,671,284,587,862,68.10,林張阿賞,中國國民黨
彰化縣員林市西東里,-178,312,490,629,907,69.35,黃耀武,無
彰化縣員林市鎮興里,-46,289,335,763,1082,70.52,黃銘得,無
彰化縣員林市黎明里,-57,267,324,539,825,65.33,謝宜芳,無
彰化縣埔心鄉二重村,-248,281,529,855,1159,73.77,黃怡誠,無
彰化縣埔心鄉仁里村,-214,196,410,877,1215,72.18,陳秀玲,無
彰化縣埔心鄉南舘村,-193,154,347,730,1010,72.28,邱環字,無
彰化縣埔心鄉埔心村,-354,56,410,855,1159,73.77,邱芳春,無
彰化縣埔心鄉埤脚村,-308,161,469,637,889,71.65,黃輝要,無
彰化縣埔心鄉埤霞村,-163,128,291,519,701,74.04,林䧮良,無
彰化縣埔心鄉大華村,-146,119,265,472,636,74.21,吳炫煥,無
彰化縣埔心鄉太平村,-130,226,356,701,963,72.79,張先進,無
彰化縣埔心鄉新舘村,-333,185,518,674,961,70.14,吳陳金環,無
彰化縣埔心鄉東門村,19,697,678,777,1047,74.21,陳有在,無
彰化縣埔心鄉梧鳳村,-313,116,429,586,847,69.19,黃旭四,無
彰化縣埔心鄉油車村,-147,195,342,884,1192,74.16,蔡銘輝,無
彰化縣埔心鄉瓦中村,-106,370,476,871,1205,72.28,余堅,無
彰化縣埔心鄉瓦北村,-156,283,439,437,580,75.34,鄭玉盆,無
彰化縣埔心鄉瓦南村,72,322,250,582,761,76.48,張添寅,無
彰化縣埔心鄉經口村,78,453,375,984,1323,74.38,張培哲,無
彰化縣埔心鄉羅厝村,8,176,168,460,639,71.99,邱建順,無
彰化縣埔心鄉義民村,73,273,200,855,1159,73.77,徐劉惠蘇,無
彰化縣埔心鄉舊舘村,-33,255,288,539,714,75.49,楊羿蔙,無
彰化縣埔心鄉芎蕉村,-137,335,472,675,928,72.74,許森林,無
彰化縣埔鹽鄉三省村,-47,197,244,489,662,73.87,張志鵬,無
彰化縣埔鹽鄉出水村,-272,132,404,642,868,73.96,楊進隆,無
彰化縣埔鹽鄉南新村,-491,221,712,909,1279,71.07,施正賀,無
彰化縣埔鹽鄉南港村,-31,306,337,667,887,75.20,林啓崇,無
彰化縣埔鹽鄉埔南村,4,243,239,535,715,74.83,陳勝利,無
彰化縣埔鹽鄉埔鹽村,0,296,296,635,864,73.50,施瑞權,無
彰化縣埔鹽鄉大有村,-523,176,699,814,1137,71.59,陳輝隆,無
彰化縣埔鹽鄉天盛村,-207,119,326,568,798,71.18,黃錦滄,無
彰化縣埔鹽鄉太平村,-98,194,292,533,785,67.90,劉仲凱,無
彰化縣埔鹽鄉好修村,-8,354,362,580,819,70.82,黃世仁,無
彰化縣埔鹽鄉崑崙村,-278,145,423,760,1026,74.07,蔡志錦,無
彰化縣埔鹽鄉廍子村,-253,211,464,901,1195,75.40,陳貽正,無
彰化縣埔鹽鄉打廉村,-376,136,512,629,893,70.44,陳育勝,無
彰化縣埔鹽鄉新水村,-214,208,422,474,686,69.10,施愷峻,無
彰化縣埔鹽鄉新興村,-123,67,190,327,424,77.12,康炳旺,無
彰化縣埔鹽鄉永平村,-307,153,460,735,1066,68.95,施金章,無
彰化縣埔鹽鄉永樂村,-217,125,342,593,810,73.21,林瑞財,無
彰化縣埔鹽鄉瓦磘村,-464,188,652,868,1171,74.12,施易昌,無
彰化縣埔鹽鄉石埤村,-179,203,382,496,711,69.76,施讚興,無
彰化縣埔鹽鄉西湖村,-172,284,456,654,944,69.28,陳俊忠,無
彰化縣埔鹽鄉角樹村,-179,87,266,481,652,73.77,楊源豊,無
彰化縣埔鹽鄉豐澤村,-329,178,507,910,1264,71.99,林振榮,無
彰化縣埤頭鄉中和村,-76,157,233,479,671,71.39,曾建長,無
彰化縣埤頭鄉元埔村,-169,82,251,394,554,71.12,陳金意,無
彰化縣埤頭鄉合興村,14,495,481,738,989,74.62,杜崇維,無
彰化縣埤頭鄉和豊村,-304,337,641,724,1051,68.89,陳立彬,無
彰化縣埤頭鄉埤頭村,-209,198,407,453,665,68.12,黃丁元,民主進步黨
彰化縣埤頭鄉大湖村,-319,120,439,597,889,67.15,邱木生,無
彰化縣埤頭鄉崙子村,-405,160,565,823,1177,69.92,黃士晃,無
彰化縣埤頭鄉崙腳村,-177,111,288,506,694,72.91,許豊麟,無
彰化縣埤頭鄉平原村,30,449,419,662,954,69.39,許建成,無
彰化縣埤頭鄉庄內村,-324,211,535,491,714,68.77,郭幼玲,無
彰化縣埤頭鄉新庄村,-456,131,587,682,960,71.04,黃為結,無
彰化縣埤頭鄉永豐村,-123,240,363,582,872,66.74,陳新溪,無
彰化縣埤頭鄉竹圍村,-405,159,564,711,1048,67.84,李旭東,無
彰化縣埤頭鄉興農村,30,299,269,724,990,73.13,黃成居,無
彰化縣埤頭鄉芙朝村,-230,199,429,462,708,65.25,黃永昌,無
彰化縣埤頭鄉豊崙村,-79,325,404,701,1049,66.83,張肎文,無
彰化縣埤頭鄉陸嘉村,-199,145,344,558,779,71.63,鄒伯其,無
彰化縣大城鄉三豐村,-165,42,207,306,580,52.76,洪行,無
彰化縣大城鄉上山村,-173,118,291,284,485,58.56,顏榮賢,無
彰化縣大城鄉公館村,-193,83,276,202,347,58.21,蔡慶伍,無
彰化縣大城鄉大城村,-458,104,562,597,914,65.32,張忠和,無
彰化縣大城鄉山腳村,-427,113,540,703,1209,58.15,蔡文宗,無
彰化縣大城鄉東城村,-576,154,730,803,1219,65.87,吳佳,無
彰化縣大城鄉東港村,-387,154,541,654,1100,59.45,陳駿傑,無
彰化縣大城鄉永和村,-212,81,293,380,643,59.10,康忠義,無
彰化縣大城鄉潭墘村,-272,91,363,627,1017,61.65,柯志憲,無
彰化縣大城鄉臺西村,-350,68,418,457,802,56.98,許讓出,無
彰化縣大城鄉菜寮村,-244,111,355,589,976,60.35,林炳芳,無
彰化縣大城鄉西城村,-285,91,376,457,747,61.18,林昭平,無
彰化縣大城鄉西港村,-469,39,508,490,821,59.68,陳儀興,無
彰化縣大城鄉豐美村,-185,77,262,471,796,59.17,王信木,無
彰化縣大城鄉頂庄村,-299,46,345,311,588,52.89,許仁寳,無
彰化縣大村鄉加錫村,-31,335,366,554,750,73.87,康佰武,無
彰化縣大村鄉南勢村,-92,270,362,591,780,75.77,黃玉河,無
彰化縣大村鄉大崙村,-34,291,325,632,854,74.00,陳鑫池,無
彰化縣大村鄉大村村,-30,709,739,844,1195,70.63,賴錫應,無
彰化縣大村鄉大橋村,-132,301,433,590,810,72.84,吳銘國,無
彰化縣大村鄉平和村,-162,483,645,899,1231,73.03,賴居林,無
彰化縣大村鄉擺塘村,-128,477,605,1001,1386,72.22,游建文,無
彰化縣大村鄉新興村,-449,196,645,846,1189,71.15,黃世昌,無
彰化縣大村鄉村上村,-610,242,852,587,803,73.10,賴順從,無
彰化縣大村鄉田洋村,-188,213,401,877,1218,72.00,謝汶鈺,無
彰化縣大村鄉福興村,7,362,355,766,1070,71.59,邱清標,無
彰化縣大村鄉美港村,209,553,344,769,1025,75.02,賴福財,無
彰化縣大村鄉茄苳村,-70,228,298,579,788,73.48,吳萬船,無
彰化縣大村鄉貢旗村,-1,269,270,523,701,74.61,賴國淮,無
彰化縣大村鄉過溝村,101,663,562,882,1147,76.90,賴保全,無
彰化縣大村鄉黃厝村,-61,426,487,766,1115,68.70,黃朝啓,無
彰化縣彰化市三村里,-406,226,632,825,1133,72.82,趙文男,無
彰化縣彰化市下廍里,619,903,284,826,1092,75.64,劉信邦,無
彰化縣彰化市中央里,-336,97,433,533,703,75.82,賴啓榮,無
彰化縣彰化市中山里,-173,124,297,583,793,73.52,楊炎坤,無
彰化縣彰化市中庄里,-155,379,534,882,1252,70.45,蘇源順,無
彰化縣彰化市中正里,30,226,196,472,634,74.45,陳冠宇,無
彰化縣彰化市五權里,462,743,281,693,965,71.81,謝侑家,無
彰化縣彰化市介壽里,-63,335,398,869,1165,74.59,蔡美香,無
彰化縣彰化市信義里,-155,97,252,543,719,75.52,陳祝汝,無
彰化縣彰化市光南里,-75,231,306,563,760,74.08,蔡耀叁,無
彰化縣彰化市光復里,-161,77,238,447,601,74.38,湯惠釧,無
彰化縣彰化市光華里,-280,90,370,523,691,75.69,謝棟樑,無
彰化縣彰化市南安里,9,360,351,822,1130,72.74,楊基弘,無
彰化縣彰化市南瑶里,1039,1354,315,737,997,73.92,蔣佳彥,無
彰化縣彰化市南美里,-151,378,529,622,837,74.31,黃建成,無
彰化縣彰化市南興里,1301,1579,278,1014,1319,76.88,陳芝佑,無
彰化縣彰化市卦山里,52,383,331,854,1163,73.43,邱妙珠,無
彰化縣彰化市古夷里,246,408,162,576,779,73.94,張萬芳,無
彰化縣彰化市台鳳里,439,744,305,748,1034,72.34,劉寶存,無
彰化縣彰化市向陽里,460,1024,564,895,1139,78.58,游寬棟,無
彰化縣彰化市和調里,-29,482,511,636,813,78.23,張金川,無
彰化縣彰化市國聖里,39,439,400,551,714,77.17,王海,無
彰化縣彰化市大同里,-192,147,339,681,919,74.10,王進福,中國國民黨
彰化縣彰化市大竹里,148,492,344,710,954,74.42,吳朝琴,無
彰化縣彰化市安溪里,12,360,348,719,924,77.81,萬士嘉,無
彰化縣彰化市富貴里,-395,97,492,597,811,73.61,温萬吉,無
彰化縣彰化市寶廍里,-192,244,436,899,1184,75.93,李政,無
彰化縣彰化市崙平里,674,965,291,901,1203,74.90,梁麗水,無
彰化縣彰化市平和里,467,776,309,719,945,76.08,沈明霖,無
彰化縣彰化市延和里,463,862,399,833,1134,73.46,王勝和,無
彰化縣彰化市延平里,1178,1778,600,948,1284,73.83,陳雯嘉,無
彰化縣彰化市建寶里,-5,341,346,754,1031,73.13,陳堂怡,無
彰化縣彰化市彰安里,-72,410,482,706,968,72.93,邱逸傑,無
彰化縣彰化市復興里,209,721,512,674,917,73.50,李麗真,無
彰化縣彰化市忠孝里,-398,197,595,848,1124,75.44,林正吉,無
彰化縣彰化市忠權里,35,560,525,763,1026,74.37,林連發,無
彰化縣彰化市快官里,-456,159,615,774,1107,69.92,李坤金,無
彰化縣彰化市成功里,-5,240,245,509,660,77.12,洪英宭,無
彰化縣彰化市文化里,-84,192,276,474,628,75.48,莊啓能,無
彰化縣彰化市新興里,538,1007,469,868,1141,76.07,吳淑櫻,中國國民黨
彰化縣彰化市新華里,-163,285,448,606,819,73.99,林福松,無
彰化縣彰化市東興里,-122,240,362,539,720,74.86,林淑娟,中國國民黨
彰化縣彰化市東芳里,-39,615,654,804,1143,70.34,張顯祺,無
彰化縣彰化市桃源里,99,380,281,634,838,75.66,曾福烈,無
彰化縣彰化市民權里,-210,142,352,711,981,72.48,陳孟圭,無
彰化縣彰化市民生里,-133,200,333,451,599,75.29,陳永裕,無
彰化縣彰化市永生里,-404,164,568,812,1114,72.89,謝清森,無
彰化縣彰化市永福里,-273,148,421,625,810,77.16,向玉蓮,無
彰化縣彰化市牛埔里,-49,502,551,656,873,75.14,魏文彬,民主進步黨
彰化縣彰化市田中里,-419,153,572,632,846,74.70,林再森,無
彰化縣彰化市石牌里,-270,171,441,764,1090,70.09,王盈奇,無
彰化縣彰化市磚磘里,88,610,522,834,1134,73.54,吳孟聰,無
彰化縣彰化市福安里,-339,183,522,756,986,76.67,鄭景芳,無
彰化縣彰化市福山里,806,1111,305,780,1094,71.30,張海堂,無
彰化縣彰化市福田里,-351,229,580,899,1208,74.42,張畯蓄,無
彰化縣彰化市竹中里,-132,355,487,573,773,74.13,何則諭,無
彰化縣彰化市竹巷里,-188,125,313,591,814,72.60,張振遠,無
彰化縣彰化市興北里,37,251,214,532,736,72.28,謝明宗,無
彰化縣彰化市茄南里,179,473,294,685,902,75.94,邱昱銘,無
彰化縣彰化市茄苳里,-180,255,435,677,887,76.32,吳秋仁,無
彰化縣彰化市莿桐里,-62,507,569,634,863,73.46,蔡侑訓,無
彰化縣彰化市華北里,-142,228,370,498,670,74.33,陳志忠,無
彰化縣彰化市華陽里,-244,252,496,493,704,70.03,林榮聰,無
彰化縣彰化市萬壽里,-89,106,195,581,780,74.49,吳建霖,無
彰化縣彰化市萬安里,85,622,537,700,899,77.86,髙林秀祝,無
彰化縣彰化市西勢里,96,632,536,874,1121,77.97,王逢易,無
彰化縣彰化市西安里,-45,461,506,579,816,70.96,趙慶忠,無
彰化縣彰化市西興里,265,595,330,740,983,75.28,楊火濱,無
彰化縣彰化市長樂里,-311,118,429,662,861,76.89,黄淑美,無
彰化縣彰化市阿夷里,1325,1686,361,922,1133,81.38,蔡國煌,無
彰化縣彰化市陽明里,-7,259,266,649,842,77.08,林振瑞,無
彰化縣彰化市香山里,200,567,367,711,938,75.80,許春郎,無
彰化縣彰化市龍山里,-139,297,436,730,995,73.37,洪敏玲,無
彰化縣永靖鄉五汴村,-169,203,372,454,615,73.82,袁百里,無
彰化縣永靖鄉五福村,-40,204,244,579,787,73.57,高芳熙,無
彰化縣永靖鄉光雲村,-228,247,475,448,669,66.97,詹德如,無
彰化縣永靖鄉同仁村,-281,113,394,561,806,69.60,張清標,無
彰化縣永靖鄉同安村,-321,87,408,466,638,73.04,陳坤立,無
彰化縣永靖鄉四芳村,-271,81,352,428,587,72.91,盧清連,無
彰化縣永靖鄉崙子村,-476,223,699,988,1351,73.13,凃永富,無
彰化縣永靖鄉崙美村,-219,118,337,565,731,77.29,胡順昌,無
彰化縣永靖鄉敦厚村,-133,107,240,506,682,74.19,王永宜,無
彰化縣永靖鄉新莊村,-432,175,607,732,1046,69.98,詹日新,無
彰化縣永靖鄉東寧村,-221,286,507,622,857,72.58,洪仁俊,無
彰化縣永靖鄉永北村,60,410,350,805,1035,77.78,劉銘松,無
彰化縣永靖鄉永南村,-206,261,467,732,968,75.62,劉嘉龍,無
彰化縣永靖鄉永東村,-337,141,478,581,754,77.06,張銘達,無
彰化縣永靖鄉永興村,-34,274,308,517,703,73.54,賴同崙,無
彰化縣永靖鄉永西村,-96,246,342,490,659,74.36,胡耿銘,無
彰化縣永靖鄉浮圳村,-506,191,697,837,1166,71.78,游世庭,無
彰化縣永靖鄉港西村,5,281,276,630,843,74.73,陳勝照,無
彰化縣永靖鄉湳墘村,-309,119,428,553,782,70.72,林輝,無
彰化縣永靖鄉湳港村,-250,170,420,733,1058,69.28,呂金和,無
彰化縣永靖鄉獨鰲村,-114,123,237,577,791,72.95,江洽如,無
彰化縣永靖鄉瑚璉村,42,454,412,1053,1397,75.38,李振申,無
彰化縣永靖鄉福興村,-518,136,654,739,1036,71.33,江錦文,無
彰化縣永靖鄉竹子村,-596,173,769,907,1220,74.34,周文曲,無
彰化縣溪州鄉三圳村,-469,137,606,839,1192,70.39,廖昆中,無
彰化縣溪州鄉三條村,-337,75,412,560,798,70.18,廖清福,無
彰化縣溪州鄉圳寮村,-182,171,353,531,741,71.66,陳勇位,無
彰化縣溪州鄉坑厝村,-334,94,428,466,661,70.50,鄭萬長,無
彰化縣溪州鄉大庄村,-292,227,519,543,817,66.46,陳元振,無
彰化縣溪州鄉尾厝村,-144,288,432,704,947,74.34,劉清棚,無
彰化縣溪州鄉張厝村,-131,83,214,431,635,67.87,朱合沛,無
彰化縣溪州鄉成功村,-158,216,374,615,899,68.41,陳位吉,無
彰化縣溪州鄉東州村,-198,282,480,828,1120,73.93,陳明桂,無
彰化縣溪州鄉柑園村,-387,125,512,733,1085,67.56,宋金堆,無
彰化縣溪州鄉榮光村,-233,98,331,533,794,67.13,鄭章廷,無
彰化縣溪州鄉水尾村,-12,233,245,457,681,67.11,鐘宏池,無
彰化縣溪州鄉溪厝村,-233,290,523,556,781,71.19,呂永富,無
彰化縣溪州鄉溪州村,-83,253,336,465,609,76.35,陳麗華,無
彰化縣溪州鄉潮洋村,-224,82,306,546,792,68.94,孫樹生,無
彰化縣溪州鄉瓦厝村,-156,135,291,655,840,77.98,顏進宜,無
彰化縣溪州鄉舊眉村,-195,217,412,450,640,70.31,蔡順龍,無
彰化縣溪州鄉菜公村,-247,114,361,583,815,71.53,黃世民,無
彰化縣溪州鄉西畔村,-83,240,323,699,1026,68.13,徐旭安,無
彰化縣溪湖鎮中山里,-50,350,400,784,1065,73.62,陳振議,無
彰化縣溪湖鎮中竹里,-244,127,371,547,749,73.03,黃柏勳,無
彰化縣溪湖鎮光平里,-408,172,580,832,1129,73.69,楊林玉春,無
彰化縣溪湖鎮光華里,-159,64,223,313,407,76.90,楊耀木,無
彰化縣溪湖鎮北勢里,-286,223,509,1023,1387,73.76,楊添發,無
彰化縣溪湖鎮大庭里,-541,203,744,948,1315,72.09,陳傳助,無
彰化縣溪湖鎮大突里,40,627,587,842,1152,73.09,謝章啟,無
彰化縣溪湖鎮大竹里,-106,414,520,917,1274,71.98,楊儒斌,無
彰化縣溪湖鎮太平里,-141,266,407,553,753,73.44,施合建,無
彰化縣溪湖鎮媽厝里,-237,176,413,822,1198,68.61,王錦浪,無
彰化縣溪湖鎮平和里,-218,73,291,458,589,77.76,鄭篤喜,無
彰化縣溪湖鎮忠覺里,-293,212,505,873,1190,73.36,吳錫祥,無
彰化縣溪湖鎮東寮里,94,616,522,938,1266,74.09,巫智成,無
彰化縣溪湖鎮東溪里,-372,247,619,953,1328,71.76,陳添富,無
彰化縣溪湖鎮汴頭里,113,521,408,696,972,71.60,楊登棠,無
彰化縣溪湖鎮河東里,-132,277,409,638,877,72.75,吳明聰,無
彰化縣溪湖鎮湖東里,334,777,443,692,996,69.48,陳芬妮,無
彰化縣溪湖鎮湖西里,-183,355,538,782,1112,70.32,楊明瞭,無
彰化縣溪湖鎮湳底里,-159,107,266,471,639,73.71,陳聰德,無
彰化縣溪湖鎮田中里,-206,111,317,576,786,73.28,楊銘煇,無
彰化縣溪湖鎮番婆里,54,264,210,634,919,68.99,陳總敏,無
彰化縣溪湖鎮西勢里,-250,350,600,712,1038,68.59,蔡福助,無
彰化縣溪湖鎮西寮里,41,366,325,880,1149,76.59,巫典源,無
彰化縣溪湖鎮西溪里,-208,332,540,626,867,72.20,洪秀鳳,無
彰化縣溪湖鎮頂庄里,-193,115,308,449,647,69.40,黃劉彩梅,無
彰化縣田中鎮三光里,-377,123,500,605,854,70.84,陳裕柳,無
彰化縣田中鎮三安里,-161,181,342,536,767,69.88,卓建璋,無
彰化縣田中鎮三民里,-214,217,431,489,737,66.35,鄭金賜,無
彰化縣田中鎮中潭里,-22,277,299,560,798,70.18,葉淑玲,無
彰化縣田中鎮中路里,-52,253,305,669,898,74.50,陳月嬌,無
彰化縣田中鎮北路里,257,526,269,766,1057,72.47,許竣崎,無
彰化縣田中鎮南路里,-208,176,384,791,1068,74.06,許義東,無
彰化縣田中鎮大崙里,-286,180,466,861,1256,68.55,尤振暉,無
彰化縣田中鎮大社里,-91,129,220,602,821,73.33,陳建市,民主進步黨
彰化縣田中鎮平和里,-19,227,246,493,710,69.44,陳明圳,無
彰化縣田中鎮復興里,-99,211,310,517,740,69.86,游文義,無
彰化縣田中鎮新庄里,-209,374,583,750,1039,72.18,應昌儒,無
彰化縣田中鎮新民里,306,683,377,778,1062,73.26,王境銘,無
彰化縣田中鎮東源里,-267,109,376,523,726,72.04,陳聰達,無
彰化縣田中鎮東路里,-152,144,296,707,991,71.34,簡雲龍,無
彰化縣田中鎮梅州里,-56,199,255,859,1242,69.16,葉家國,無
彰化縣田中鎮沙崙里,7,287,280,560,830,67.47,謝英其,無
彰化縣田中鎮碧峰里,-365,115,480,619,963,64.28,蕭文忠,無
彰化縣田中鎮西路里,-27,380,407,901,1253,71.91,劉龍豪,無
彰化縣田中鎮頂潭里,-298,159,457,842,1186,70.99,蕭輔崇,無
彰化縣田中鎮香山里,-213,105,318,539,794,67.88,周嬋娟,無
彰化縣田中鎮龍潭里,-243,82,325,399,545,73.21,蕭光志,無
彰化縣田尾鄉仁里村,-295,241,536,440,619,71.08,李坤極,無
彰化縣田尾鄉北曾村,-22,201,223,440,612,71.90,莊添鏿,無
彰化縣田尾鄉北鎮村,-403,217,620,793,1133,69.99,邱模,無
彰化縣田尾鄉南曾村,-415,197,612,963,1307,73.68,李明營,無
彰化縣田尾鄉南鎮村,-193,84,277,413,588,70.24,劉定國,無
彰化縣田尾鄉打簾村,87,309,222,741,980,75.61,邱垂麟,無
彰化縣田尾鄉新厝村,-95,36,131,173,239,72.38,羅暉杉,無
彰化縣田尾鄉新生村,-250,192,442,932,1292,72.14,陳苑如,無
彰化縣田尾鄉新興村,-408,151,559,737,1001,73.63,蒲創結,無
彰化縣田尾鄉柳鳳村,-346,151,497,721,927,77.78,周一郎,無
彰化縣田尾鄉正義村,-337,180,517,665,887,74.97,王政堅,無
彰化縣田尾鄉海豐村,-100,185,285,524,759,69.04,吳永棋,無
彰化縣田尾鄉溪畔村,-499,188,687,852,1198,71.12,陳錦津,無
彰化縣田尾鄉溪頂村,-150,73,223,421,591,71.24,顏文龍,無
彰化縣田尾鄉田尾村,-304,196,500,849,1257,67.54,王進峰,無
彰化縣田尾鄉睦宜村,-530,161,691,747,997,74.92,陳作禮,無
彰化縣田尾鄉福田村,-217,112,329,500,699,71.53,陳壯飛,無
彰化縣田尾鄉豐田村,-232,125,357,530,744,71.24,許世榮,無
彰化縣田尾鄉陸豐村,-207,128,335,615,839,73.30,邱柏勲,無
彰化縣田尾鄉饒平村,87,490,403,1016,1362,74.60,蔡文欽,無
彰化縣社頭鄉仁和村,-110,188,298,535,736,72.69,蕭吉良,無
彰化縣社頭鄉仁雅村,77,492,415,590,766,77.02,陳麗芳,無
彰化縣社頭鄉協和村,46,357,311,795,1081,73.54,劉聰波,無
彰化縣社頭鄉埤斗村,-43,143,186,669,915,73.11,蕭詠隆,無
彰化縣社頭鄉山湖村,-476,164,640,818,1108,73.83,劉秀蘭,無
彰化縣社頭鄉崙雅村,-243,160,403,649,884,73.42,蔡正雄,無
彰化縣社頭鄉平和村,-427,137,564,672,924,72.73,蕭成洽,無
彰化縣社頭鄉廣福村,-203,154,357,667,896,74.44,蕭建元,無
彰化縣社頭鄉廣興村,415,702,287,677,962,70.37,蕭燊彰,無
彰化縣社頭鄉張厝村,-284,182,466,864,1197,72.18,蕭成金,無
彰化縣社頭鄉新厝村,11,303,292,709,970,73.09,劉培謙,無
彰化縣社頭鄉朝興村,-335,154,489,764,1055,72.42,蕭家鏞,無
彰化縣社頭鄉東興村,41,300,259,571,779,73.30,蕭武雄,無
彰化縣社頭鄉松竹村,-497,89,586,769,1023,75.17,張秀優,無
彰化縣社頭鄉橋頭村,-82,278,360,709,970,73.09,劉三合,無
彰化縣社頭鄉泰安村,-363,75,438,691,965,71.61,蕭益忠,無
彰化縣社頭鄉清水村,-111,200,311,846,1210,69.92,陳登葟,無
彰化縣社頭鄉湳底村,-223,274,497,513,696,73.71,謝勝文,無
彰化縣社頭鄉湳雅村,-99,224,323,541,733,73.81,張傳亨,無
彰化縣社頭鄉社頭村,-41,426,467,544,754,72.15,張育豪,無
彰化縣社頭鄉美雅村,-372,202,574,888,1212,73.27,蕭志鎰,無
彰化縣社頭鄉舊社村,-8,279,287,641,851,75.32,陳瑞良,無
彰化縣社頭鄉里仁村,-206,183,389,733,967,75.80,蕭錦時,無
彰化縣社頭鄉龍井村,-220,122,342,559,775,72.13,蕭秋長,無
彰化縣福興鄉三和村,-373,129,502,731,1003,72.88,黃于甄,無
彰化縣福興鄉三汴村,-268,224,492,943,1286,73.33,林義山,無
彰化縣福興鄉二港村,-371,180,551,898,1237,72.59,黃炳春,無
彰化縣福興鄉元中村,-365,297,662,853,1202,70.97,梁煮賔,無
彰化縣福興鄉同安村,-366,330,696,673,968,69.52,卓鋕蒼,無
彰化縣福興鄉外中村,-415,198,613,848,1152,73.61,王萬貴,無
彰化縣福興鄉外埔村,-196,241,437,486,702,69.23,陳銘富,無
彰化縣福興鄉大崙村,-563,108,671,895,1204,74.34,陳水立,無
彰化縣福興鄉廈粘村,-277,216,493,655,882,74.26,粘昆在,無
彰化縣福興鄉橋頭村,-65,422,487,845,1239,68.20,許漢宗,無
彰化縣福興鄉番婆村,-161,345,506,944,1413,66.81,許信民,無
彰化縣福興鄉番社村,-478,205,683,1072,1422,75.39,許泰昇,無
彰化縣福興鄉社尾村,-310,209,519,990,1394,71.02,陳河傳,無
彰化縣福興鄉福南村,-388,399,787,810,1201,67.44,洪旭峯,無
彰化縣福興鄉福寶村,-513,169,682,803,1199,66.97,黃耀輝,中國國民黨
彰化縣福興鄉福興村,290,611,321,894,1200,74.50,林建志,無
彰化縣福興鄉秀厝村,-113,440,553,796,1052,75.67,蔡金投,民主進步黨
彰化縣福興鄉萬豐村,-188,115,303,600,790,75.95,王美齡,無
彰化縣福興鄉西勢村,-152,238,390,640,870,73.56,陳琬美,無
彰化縣福興鄉鎮平村,-279,159,438,771,1127,68.41,許誠龍,無
彰化縣福興鄉頂粘村,-328,402,730,691,979,70.58,粘財本,無
彰化縣福興鄉麥厝村,-90,295,385,687,996,68.98,梁國忠,無
彰化縣秀水鄉下崙村,-117,342,459,492,649,75.81,詹助益,無
彰化縣秀水鄉埔崙村,-86,323,409,641,831,77.14,蘇世,無
彰化縣秀水鄉安東村,79,671,592,638,830,76.87,謝國華,民主進步黨
彰化縣秀水鄉安溪村,41,411,370,748,1007,74.28,張紘碩,無
彰化縣秀水鄉曾厝村,39,318,279,717,934,76.77,林榮生,無
彰化縣秀水鄉福安村,444,801,357,663,902,73.50,周萬發,無
彰化縣秀水鄉秀水村,-217,285,502,548,782,70.08,吳財巷,無
彰化縣秀水鄉義興村,-78,287,365,481,685,70.22,施文達,無
彰化縣秀水鄉莊雅村,72,431,359,742,978,75.87,羅仁錦,無
彰化縣秀水鄉金興村,-139,289,428,669,899,74.42,蘇森田,無
彰化縣秀水鄉金陵村,-249,250,499,567,777,72.97,劉宥慈,無
彰化縣秀水鄉陝西村,-63,216,279,498,659,75.57,林棟樑,無
彰化縣秀水鄉馬興村,9,433,424,501,675,74.22,陳明灶,中國國民黨
彰化縣秀水鄉鶴鳴村,305,516,211,524,714,73.39,黄明隆,無
彰化縣竹塘鄉五庄村,-110,178,288,457,735,62.18,洪順天,無
彰化縣竹塘鄉內新村,-230,45,275,325,487,66.74,廖清彬,無
彰化縣竹塘鄉土庫村,-317,72,389,415,575,72.17,廖鐘謀,無
彰化縣竹塘鄉小西村,-130,73,203,437,651,67.13,林永富,無
彰化縣竹塘鄉新廣村,-406,127,533,676,1017,66.47,鐘仁慶,無
彰化縣竹塘鄉樹腳村,-155,95,250,446,612,72.88,黃宥嘉,無
彰化縣竹塘鄉民靖村,-360,105,465,468,705,66.38,莊瑞林,無
彰化縣竹塘鄉永安村,-243,45,288,309,516,59.88,詹峰賓,無
彰化縣竹塘鄉溪墘村,-177,52,229,322,444,72.52,詹培煜,無
彰化縣竹塘鄉田頭村,-271,135,406,634,1019,62.22,鄧世龍,無
彰化縣竹塘鄉竹元村,-560,156,716,790,1115,70.85,蕭慶彬,無
彰化縣竹塘鄉竹塘村,-302,283,585,662,956,69.25,詹炳煌,無
彰化縣竹塘鄉竹林村,-388,78,466,479,754,63.53,張鴻武,無
彰化縣竹塘鄉長安村,-401,71,472,486,728,66.76,廖英傑,無
彰化縣線西鄉下犁村,-241,247,488,697,942,73.99,顏學敏,無
彰化縣線西鄉塭仔村,-276,200,476,864,1205,71.70,柯巧,無
彰化縣線西鄉寓埔村,32,426,394,831,1156,71.89,黃柏霖,無
彰化縣線西鄉德興村,-324,239,563,969,1331,72.80,林昭春,無
彰化縣線西鄉溝內村,-250,216,466,821,1178,69.69,蔡綉着,無
彰化縣線西鄉線西村,-358,332,690,754,1028,73.35,王榮銓,無
彰化縣線西鄉頂庄村,-143,302,445,754,1028,73.35,林進發,無
彰化縣線西鄉頂犁村,98,541,443,660,892,73.99,林美貴,無
彰化縣芬園鄉中崙村,-304,85,389,534,794,67.25,許烱業,無
彰化縣芬園鄉同安村,-210,142,352,765,1091,70.12,林子瓏,無
彰化縣芬園鄉嘉興村,27,238,211,743,1000,74.30,劉姿均,無
彰化縣芬園鄉圳墘村,-284,82,366,428,613,69.82,陳煌濱,無
彰化縣芬園鄉大埔村,-250,195,445,445,625,71.20,張凰鳳,無
彰化縣芬園鄉大竹村,-255,115,370,634,924,68.61,許弘興,無
彰化縣芬園鄉楓坑村,-175,88,263,394,542,72.69,李健炎,無
彰化縣芬園鄉溪頭村,-194,242,436,601,811,74.11,李永蕙,無
彰化縣芬園鄉社口村,-192,362,554,890,1218,73.07,莊鴻文,無
彰化縣芬園鄉竹林村,2,296,294,691,896,77.12,張文哲,無
彰化縣芬園鄉縣庄村,-520,177,697,796,1089,73.09,褚忠進,無
彰化縣芬園鄉舊社村,-82,274,356,667,919,72.58,蔡勝堅,無
彰化縣芬園鄉芬園村,-361,119,480,575,829,69.36,劉耿輝,無
彰化縣芬園鄉茄荖村,-69,328,397,773,1137,67.99,簡文彬,無
彰化縣芬園鄉進芬村,-427,127,554,646,904,71.46,賴國華,無
彰化縣花壇鄉三春村,-193,281,474,692,947,73.07,李明松,無
彰化縣花壇鄉中口村,-181,82,263,491,691,71.06,陳志成,無
彰化縣花壇鄉中庄村,-77,379,456,778,1067,72.91,李樹林,無
彰化縣花壇鄉劉厝村,-183,153,336,796,1016,78.35,陳懷盛,無
彰化縣花壇鄉北口村,108,325,217,798,1084,73.62,許淑卿,無
彰化縣花壇鄉南口村,-159,345,504,644,874,73.68,呂茂榮,無
彰化縣花壇鄉岩竹村,-181,197,378,937,1278,73.32,林天潤,無
彰化縣花壇鄉崙雅村,-313,238,551,1057,1381,76.54,陳徐秋月,無
彰化縣花壇鄉文德村,96,607,511,681,951,71.61,林凱意,無
彰化縣花壇鄉橋頭村,-24,552,576,756,1093,69.17,謝佩蓉,無
彰化縣花壇鄉永春村,-61,331,392,699,955,73.19,陳三弘,無
彰化縣花壇鄉灣東村,-401,136,537,637,873,72.97,許松柏,無
彰化縣花壇鄉灣雅村,-157,137,294,639,858,74.48,羅尹君,無
彰化縣花壇鄉白沙村,445,773,328,813,1100,73.91,花沛明,無
彰化縣花壇鄉花壇村,166,609,443,653,865,75.49,吳東平,無
彰化縣花壇鄉金墩村,-127,296,423,570,761,74.90,李清德,無
彰化縣花壇鄉長春村,55,251,196,595,857,69.43,林松貴,無
彰化縣花壇鄉長沙村,218,839,621,727,1080,67.31,柯金地,無
彰化縣芳苑鄉三合村,-20,262,282,782,1186,65.94,洪文賓,無
彰化縣芳苑鄉三成村,-297,113,410,564,918,61.44,謝東,無
彰化縣芳苑鄉五俊村,-164,48,212,260,462,56.28,洪綮皇,無
彰化縣芳苑鄉仁愛村,-122,63,185,435,701,62.05,黃順興,無
彰化縣芳苑鄉信義村,-255,30,285,260,491,52.95,洪承湟,無
彰化縣芳苑鄉博愛村,-217,63,280,440,646,68.11,林進雄,無
彰化縣芳苑鄉和平村,-229,65,294,447,687,65.07,林進財,無
彰化縣芳苑鄉崙腳村,-204,101,305,468,734,63.76,陳玉山,無
彰化縣芳苑鄉建平村,-57,240,297,651,1029,63.27,陳仁恭,無
彰化縣芳苑鄉後寮村,-402,112,514,582,899,64.74,洪慶豐,無
彰化縣芳苑鄉文津村,-443,104,547,584,982,59.47,陳鴻圖,無
彰化縣芳苑鄉新寶村,-198,175,373,491,848,57.90,梁祥盛,無
彰化縣芳苑鄉新生村,-108,145,253,326,512,63.67,謝和順,無
彰化縣芳苑鄉新街村,-380,38,418,424,726,58.40,洪深泉,無
彰化縣芳苑鄉民生村,-284,64,348,401,616,65.10,洪坤郎,無
彰化縣芳苑鄉永興村,-161,146,307,422,655,64.43,鐘明堂,無
彰化縣芳苑鄉漢寶村,-149,421,570,544,822,66.18,鄭鵬豐,無
彰化縣芳苑鄉王功村,-101,218,319,663,1004,66.04,黃丁禮,無
彰化縣芳苑鄉福榮村,-320,42,362,322,524,61.45,謝東霖,無
彰化縣芳苑鄉興仁村,-144,145,289,335,535,62.62,蘇輝煌,無
彰化縣芳苑鄉芳中村,-194,30,224,259,376,68.88,陳忠男,無
彰化縣芳苑鄉芳苑村,-156,90,246,541,899,60.18,洪坤富,無
彰化縣芳苑鄉草湖村,49,180,131,722,1091,66.18,吳堃禾,無
彰化縣芳苑鄉路上村,-243,69,312,348,594,58.59,謝慶文,無
彰化縣芳苑鄉路平村,-173,123,296,546,754,72.41,謝秋臨,無
彰化縣芳苑鄉頂廍村,-186,66,252,364,533,68.29,洪文森,無
彰化縣鹿港鎮中興里,-189,79,268,364,487,74.74,徐許美滿,無
彰化縣鹿港鎮埔崙里,104,782,678,713,944,75.53,董建林,無
彰化縣鹿港鎮大有里,-370,197,567,787,1079,72.94,施俊平,無
彰化縣鹿港鎮山崙里,-75,418,493,688,985,69.85,吳順和,無
彰化縣鹿港鎮廖厝里,283,767,484,1059,1406,75.32,陳東山,無
彰化縣鹿港鎮新宮里,-251,122,373,614,801,76.65,何春榮,無
彰化縣鹿港鎮景福里,-420,141,561,744,996,74.70,蔡宗源,無
彰化縣鹿港鎮東崎里,341,832,491,788,1160,67.93,王明順,無
彰化縣鹿港鎮東石里,278,672,394,723,997,72.52,鄧易承,無
彰化縣鹿港鎮永安里,383,672,289,762,1071,71.15,許沛翎,無
彰化縣鹿港鎮泰興里,-467,162,629,837,1098,76.23,施宣發,無
彰化縣鹿港鎮洋厝里,-21,342,363,690,910,75.82,許勝裕,無
彰化縣鹿港鎮洛津里,-293,58,351,576,808,71.29,黃文秋,無
彰化縣鹿港鎮海埔里,11,541,530,772,1107,69.74,黃振義,無
彰化縣鹿港鎮溝墘里,278,728,450,678,899,75.42,洪明園,無
彰化縣鹿港鎮玉順里,-469,129,598,818,1102,74.23,萬家在,無
彰化縣鹿港鎮興化里,-232,56,288,393,547,71.85,黃玲玲,中國國民黨
彰化縣鹿港鎮草中里,-66,499,565,664,952,69.75,王國書,中國國民黨
彰化縣鹿港鎮菜園里,-279,110,389,616,807,76.33,黃文樹,無
彰化縣鹿港鎮街尾里,-334,321,655,792,1021,77.57,許勝嘉,無
彰化縣鹿港鎮詔安里,-30,328,358,939,1320,71.14,施進益,無
彰化縣鹿港鎮郭厝里,-228,67,295,358,513,69.79,郭献欽,無
彰化縣鹿港鎮長興里,-114,37,151,182,258,70.54,陳麗枝,無
彰化縣鹿港鎮頂厝里,206,510,304,815,1117,72.96,陳慶津,無
彰化縣鹿港鎮頂番里,36,682,646,603,847,71.19,潘文生,無
彰化縣鹿港鎮順興里,-213,121,334,626,866,72.29,郭正興,無
彰化縣鹿港鎮頭南里,-129,394,523,854,1184,72.13,鄭錦昌,無
彰化縣鹿港鎮頭崙里,-210,418,628,537,795,67.55,楊燕眞,無
彰化縣鹿港鎮鹿和里,73,439,366,837,1159,72.22,許炳熙,無
彰化縣鹿港鎮鹿東里,52,449,397,1055,1431,73.72,林茂己,無
彰化縣鹿港鎮龍山里,-296,68,364,413,581,71.08,陳永祥,無
