村里,2024-2022,2024民眾黨,2022村里長得票,2024投票數,2024選舉人數,2024投票率,里長姓名,里長政黨
彰化縣二林鎮中西里,-254,171,425,961,1522,0.6,洪秋邦,無
彰化縣二林鎮北平里,140,438,298,2020,2892,0.7,陳凱偉,無
彰化縣二林鎮南光里,148,460,312,2191,3110,0.7,洪淑女,無
彰化縣二林鎮原斗里,-546,151,697,854,1171,0.7,莊坤錫,無
彰化縣二林鎮外竹里,-357,101,458,596,923,0.6,顏信鴻,無
彰化縣二林鎮大永里,-331,125,456,571,821,0.7,莊明章,無
彰化縣二林鎮廣興里,-495,133,628,823,1262,0.7,詹金水,無
彰化縣二林鎮後厝里,80,577,497,2398,3410,0.7,詹順吉,無
彰化縣二林鎮復豐里,-317,75,392,443,662,0.7,曾進賜,無
彰化縣二林鎮振興里,-163,133,296,731,1107,0.7,楊貴葉,無
彰化縣二林鎮東勢里,-223,115,338,610,925,0.7,傅精用,無
彰化縣二林鎮東和里,-145,315,460,1447,2022,0.7,洪大順,無
彰化縣二林鎮東興里,-115,229,344,1061,1541,0.7,王元裕,無
彰化縣二林鎮東華里,-444,85,529,650,936,0.7,曾文昌,無
彰化縣二林鎮梅芳里,-310,146,456,711,1030,0.7,吳錦龍,無
彰化縣二林鎮永興里,-128,182,310,956,1422,0.7,陳加勝,無
彰化縣二林鎮興華里,-448,140,588,775,1115,0.7,洪建民,無
彰化縣二林鎮華崙里,-173,412,585,2296,3365,0.7,張俊卿,無
彰化縣二林鎮萬合里,-298,111,409,656,1031,0.6,林福在,無
彰化縣二林鎮萬興里,-262,104,366,509,720,0.7,謝來旺,無
彰化縣二林鎮西平里,-256,211,467,1031,1484,0.7,洪勝峰,無
彰化縣二林鎮西庄里,-319,175,494,877,1271,0.7,洪漢中,無
彰化縣二林鎮西斗里,-207,122,329,695,989,0.7,蔡淑芬,無
彰化縣二林鎮豐田里,19,348,329,1622,2416,0.7,吳朝章,無
彰化縣二林鎮趙甲里,-275,176,451,991,1472,0.7,曾免,無
彰化縣二林鎮頂厝里,-476,146,622,750,1246,0.6,洪明宏,無
彰化縣二林鎮香田里,-470,103,573,622,986,0.6,陳格俊,無
彰化縣二水鄉上豊村,-305,126,431,846,1145,0.7,李新富,無
彰化縣二水鄉二水村,-302,31,333,186,251,0.7,楊景林,無
彰化縣二水鄉五伯村,-169,91,260,436,600,0.7,陳志傑,無
彰化縣二水鄉修仁村,-164,122,286,770,1039,0.7,陳星佑,無
彰化縣二水鄉倡和村,-213,52,265,373,535,0.7,鄭慶松,無
彰化縣二水鄉光化村,-143,113,256,630,855,0.7,張惠明,無
彰化縣二水鄉十五村,-305,87,392,460,644,0.7,黃秀花,無
彰化縣二水鄉合和村,-403,104,507,548,790,0.7,董碧顏,無
彰化縣二水鄉合興村,-348,35,383,224,318,0.7,張窓明,無
彰化縣二水鄉大園村,-243,97,340,512,724,0.7,陳建仁,無
彰化縣二水鄉復興村,-268,123,391,700,934,0.7,張叁寶,無
彰化縣二水鄉惠民村,-242,76,318,549,749,0.7,莊秀英,無
彰化縣二水鄉文化村,-181,116,297,660,911,0.7,林友隆,無
彰化縣二水鄉源泉村,-169,67,236,445,604,0.7,張鈞雲,無
彰化縣二水鄉聖化村,-117,58,175,294,402,0.7,鄭鴻志,無
彰化縣二水鄉裕民村,-429,127,556,659,957,0.7,許美月,無
彰化縣二水鄉過圳村,-259,106,365,600,838,0.7,羅澄麃,無
彰化縣伸港鄉七嘉村,247,585,338,2195,3013,0.7,柯天來,無
彰化縣伸港鄉什股村,31,507,476,1786,2511,0.7,林世意,無
彰化縣伸港鄉全興村,-291,245,536,1148,1642,0.7,陳恭志,無
彰化縣伸港鄉埤墘村,-507,300,807,1123,1507,0.7,柯宏坤,無
彰化縣伸港鄉大同村,-25,602,627,2166,2900,0.7,陳源森,無
彰化縣伸港鄉定興村,-103,476,579,1814,2617,0.7,柯素眉,無
彰化縣伸港鄉新港村,400,909,509,3698,5156,0.7,蔡復成,無
彰化縣伸港鄉曾家村,-246,281,527,1179,1696,0.7,曾添進,無
彰化縣伸港鄉汴頭村,-243,412,655,1615,2168,0.7,何俊昌,無
彰化縣伸港鄉泉厝村,-429,189,618,892,1219,0.7,洪勝賢,無
彰化縣伸港鄉泉州村,-31,362,393,1413,1923,0.7,陳清泉,無
彰化縣伸港鄉海尾村,-229,287,516,1281,1757,0.7,黃建達,無
彰化縣伸港鄉溪底村,-188,407,595,1471,2113,0.7,柯丁財,無
彰化縣伸港鄉蚵寮村,-498,118,616,793,1119,0.7,薛壁鈴,無
彰化縣北斗鎮七星里,-209,211,420,1000,1372,0.7,易世朋,無
彰化縣北斗鎮中和里,-272,213,485,894,1246,0.7,李宏裕,無
彰化縣北斗鎮中寮里,7,411,404,1901,2639,0.7,陳傳富,無
彰化縣北斗鎮五權里,-272,85,357,452,622,0.7,謝正良,無
彰化縣北斗鎮光復里,-204,291,495,1262,1733,0.7,許俊士,無
彰化縣北斗鎮大新里,-148,319,467,1264,1781,0.7,陳孟麒,無
彰化縣北斗鎮大道里,-14,349,363,1438,1920,0.7,許明圖,無
彰化縣北斗鎮居仁里,-35,205,240,935,1212,0.8,陳東榮,無
彰化縣北斗鎮文昌里,200,555,355,2293,3152,0.7,傅俊嘉,無
彰化縣北斗鎮新政里,-294,116,410,521,748,0.7,傅銘霖,無
彰化縣北斗鎮新生里,-210,282,492,1322,1964,0.7,吳金郎,無
彰化縣北斗鎮東光里,-157,401,558,1659,2226,0.7,呂學銘,無
彰化縣北斗鎮西安里,-196,294,490,1237,1715,0.7,林義平,無
彰化縣北斗鎮西德里,146,725,579,3283,4443,0.7,黃志忠,無
彰化縣北斗鎮重慶里,-229,75,304,371,507,0.7,陳肇基,無
彰化縣和美鎮中圍里,23,514,491,2067,2766,0.7,李松春,無
彰化縣和美鎮中寮里,-328,170,498,754,1052,0.7,林順泉,無
彰化縣和美鎮仁愛里,-77,532,609,1958,2733,0.7,黃合志,無
彰化縣和美鎮南佃里,-167,382,549,1591,2158,0.7,陳淑美,無
彰化縣和美鎮和北里,-171,306,477,1314,1808,0.7,吳華晃,無
彰化縣和美鎮和南里,-94,62,156,280,373,0.8,謝美娥,無
彰化縣和美鎮和東里,333,758,425,3136,4213,0.7,尤堃宏,無
彰化縣和美鎮和西里,-17,537,554,2238,3030,0.7,黃明卿,無
彰化縣和美鎮嘉寶里,-112,341,453,1333,1913,0.7,邵萬興,無
彰化縣和美鎮嘉犁里,-8,334,342,1384,1850,0.7,陳英傑,無
彰化縣和美鎮四張里,99,518,419,1987,2707,0.7,柯雪月,無
彰化縣和美鎮地潭里,-349,124,473,568,781,0.7,林麗芳,無
彰化縣和美鎮塗厝里,-231,282,513,1163,1631,0.7,陳建興,中國國民黨
彰化縣和美鎮大霞里,-117,219,336,984,1373,0.7,陳萬車,無
彰化縣和美鎮好修里,-190,233,423,1050,1461,0.7,陳信義,無
彰化縣和美鎮山犁里,531,1039,508,3887,5174,0.8,柯駿榮,無
彰化縣和美鎮新庄里,-37,467,504,1777,2338,0.8,王溪成,無
彰化縣和美鎮月眉里,203,533,330,2162,2915,0.7,蔡東穎,無
彰化縣和美鎮柑井里,258,580,322,2439,3376,0.7,陳惠絹,無
彰化縣和美鎮湖內里,-322,198,520,864,1152,0.8,姚鴻輝,無
彰化縣和美鎮源埤里,-152,332,484,1310,1792,0.7,謝忠復,無
彰化縣和美鎮犁盛里,-100,375,475,1632,2190,0.7,黃正炘,無
彰化縣和美鎮竹園里,-203,174,377,729,903,0.8,周秋霞,無
彰化縣和美鎮竹營里,772,1119,347,4283,5918,0.7,王金英,無
彰化縣和美鎮糖友里,407,873,466,3195,4291,0.7,何吉盛,無
彰化縣和美鎮詔安里,-70,336,406,1404,1941,0.7,廖汶凌,無
彰化縣和美鎮還社里,-216,150,366,643,829,0.8,趙崇丞,無
彰化縣和美鎮鎮平里,-233,506,739,2119,2782,0.8,李崇彥,無
彰化縣和美鎮鐵山里,-5,462,467,1941,2546,0.8,李添鎮,無
彰化縣和美鎮雅溝里,-310,214,524,922,1260,0.7,王麗君,無
彰化縣和美鎮面前里,-15,426,441,1601,2106,0.8,劉建村,無
彰化縣和美鎮頭前里,-103,320,423,1171,1628,0.7,葉國明,無
彰化縣員林市三信里,-178,401,579,1690,2226,0.8,黃寅,無
彰化縣員林市三和里,748,1087,339,4402,6068,0.7,吳權勝,無
彰化縣員林市三多里,-183,527,710,2079,2728,0.8,黃再瑞,無
彰化縣員林市三愛里,-45,585,630,2262,2936,0.8,黃雅惠,無
彰化縣員林市三條里,-10,474,484,2040,2675,0.8,張凱翔,無
彰化縣員林市三橋里,231,583,352,2246,2902,0.8,賴柏諺,無
彰化縣員林市三義里,73,416,343,1712,2365,0.7,林錦泉,無
彰化縣員林市中央里,-20,318,338,1445,1896,0.8,鐘政義,無
彰化縣員林市中山里,-161,84,245,402,535,0.8,楊鳳塔,無
彰化縣員林市中東里,21,302,281,1184,1703,0.7,曹炎權,無
彰化縣員林市中正里,20,548,528,2224,2969,0.7,陳進發,無
彰化縣員林市仁愛里,53,244,191,989,1275,0.8,陳楊秀錦,無
彰化縣員林市仁美里,-55,361,416,1739,2423,0.7,黃秀雅,無
彰化縣員林市光明里,-168,106,274,561,734,0.8,蕭淑娟,無
彰化縣員林市出水里,-40,259,299,1192,1688,0.7,邱式麟,無
彰化縣員林市南平里,782,1033,251,4043,5407,0.7,吳國勝,無
彰化縣員林市南東里,-16,303,319,1187,1667,0.7,黃家富,無
彰化縣員林市南興里,511,837,326,3405,4668,0.7,王榮展,無
彰化縣員林市和平里,108,435,327,1962,2724,0.7,陳素嬌,無
彰化縣員林市大埔里,-77,330,407,1449,2035,0.7,游庭訓,無
彰化縣員林市大峯里,-355,94,449,523,694,0.8,江茂達,無
彰化縣員林市大明里,-191,374,565,1686,2227,0.8,張政岳,無
彰化縣員林市大饒里,-128,533,661,2399,3293,0.7,張明勤,無
彰化縣員林市崙雅里,-159,357,516,1644,2200,0.7,張永鑫,無
彰化縣員林市忠孝里,-73,341,414,1519,2132,0.7,洪光旭,無
彰化縣員林市惠來里,642,977,335,4083,5487,0.7,游朝元,無
彰化縣員林市振興里,-194,457,651,1895,2626,0.7,謝堂權,無
彰化縣員林市新生里,385,704,319,3002,3973,0.8,巫吉清,無
彰化縣員林市新興里,-265,98,363,500,661,0.8,張厚穰,無
彰化縣員林市東北里,-226,396,622,1562,2173,0.7,曹震西,無
彰化縣員林市東和里,-331,174,505,715,998,0.7,劉淑靜,無
彰化縣員林市林厝里,66,457,391,1842,2687,0.7,蕭富子,無
彰化縣員林市民生里,59,392,333,1878,2576,0.7,蕭上筆,無
彰化縣員林市浮圳里,-236,358,594,1527,2127,0.7,江玉堅,無
彰化縣員林市湖水里,-339,166,505,757,1113,0.7,黃欽玉,無
彰化縣員林市源潭里,-177,267,444,1176,1615,0.7,陳忠和,無
彰化縣員林市溝皂里,-106,504,610,1974,2563,0.8,張衍澧,無
彰化縣員林市萬年里,387,671,284,2732,3624,0.8,林張阿賞,中國國民黨
彰化縣員林市西東里,-178,312,490,1341,1847,0.7,黃耀武,無
彰化縣員林市鎮興里,-46,289,335,1343,1911,0.7,黃銘得,無
彰化縣員林市黎明里,-57,267,324,1188,1728,0.7,謝宜芳,無
彰化縣埔心鄉二重村,-248,281,529,1324,1809,0.7,黃怡誠,無
彰化縣埔心鄉仁里村,-214,196,410,877,1215,0.7,陳秀玲,無
彰化縣埔心鄉南舘村,-193,154,347,730,1010,0.7,邱環字,無
彰化縣埔心鄉埔心村,-354,56,410,285,386,0.7,邱芳春,無
彰化縣埔心鄉埤脚村,-308,161,469,637,889,0.7,黃輝要,無
彰化縣埔心鄉埤霞村,-163,128,291,519,701,0.7,林䧮良,無
彰化縣埔心鄉大華村,-146,119,265,472,636,0.7,吳炫煥,無
彰化縣埔心鄉太平村,-130,226,356,946,1296,0.7,張先進,無
彰化縣埔心鄉新舘村,-333,185,518,674,961,0.7,吳陳金環,無
彰化縣埔心鄉東門村,19,697,678,2828,3706,0.8,陳有在,無
彰化縣埔心鄉梧鳳村,-313,116,429,586,847,0.7,黃旭四,無
彰化縣埔心鄉油車村,-147,195,342,884,1192,0.7,蔡銘輝,無
彰化縣埔心鄉瓦中村,-106,370,476,1463,2032,0.7,余堅,無
彰化縣埔心鄉瓦北村,-156,283,439,1262,1677,0.8,鄭玉盆,無
彰化縣埔心鄉瓦南村,72,322,250,1305,1731,0.8,張添寅,無
彰化縣埔心鄉經口村,78,453,375,1896,2619,0.7,張培哲,無
彰化縣埔心鄉羅厝村,8,176,168,891,1266,0.7,邱建順,無
彰化縣埔心鄉義民村,73,273,200,1180,1568,0.8,徐劉惠蘇,無
彰化縣埔心鄉舊舘村,-33,255,288,1082,1461,0.7,楊羿蔙,無
彰化縣埔心鄉芎蕉村,-137,335,472,1373,1861,0.7,許森林,無
彰化縣埔鹽鄉三省村,-47,197,244,919,1309,0.7,張志鵬,無
彰化縣埔鹽鄉出水村,-272,132,404,642,868,0.7,楊進隆,無
彰化縣埔鹽鄉南新村,-491,221,712,909,1279,0.7,施正賀,無
彰化縣埔鹽鄉南港村,-31,306,337,1251,1719,0.7,林啓崇,無
彰化縣埔鹽鄉埔南村,4,243,239,1103,1501,0.7,陳勝利,無
彰化縣埔鹽鄉埔鹽村,0,296,296,1234,1623,0.8,施瑞權,無
彰化縣埔鹽鄉大有村,-523,176,699,814,1137,0.7,陳輝隆,無
彰化縣埔鹽鄉天盛村,-207,119,326,568,798,0.7,黃錦滄,無
彰化縣埔鹽鄉太平村,-98,194,292,1024,1491,0.7,劉仲凱,無
彰化縣埔鹽鄉好修村,-8,354,362,1299,1835,0.7,黃世仁,無
彰化縣埔鹽鄉崑崙村,-278,145,423,760,1026,0.7,蔡志錦,無
彰化縣埔鹽鄉廍子村,-253,211,464,901,1195,0.8,陳貽正,無
彰化縣埔鹽鄉打廉村,-376,136,512,629,893,0.7,陳育勝,無
彰化縣埔鹽鄉新水村,-214,208,422,992,1441,0.7,施愷峻,無
彰化縣埔鹽鄉新興村,-123,67,190,327,424,0.8,康炳旺,無
彰化縣埔鹽鄉永平村,-307,153,460,735,1066,0.7,施金章,無
彰化縣埔鹽鄉永樂村,-217,125,342,593,810,0.7,林瑞財,無
彰化縣埔鹽鄉瓦磘村,-464,188,652,868,1171,0.7,施易昌,無
彰化縣埔鹽鄉石埤村,-179,203,382,950,1380,0.7,施讚興,無
彰化縣埔鹽鄉西湖村,-172,284,456,1377,1966,0.7,陳俊忠,無
彰化縣埔鹽鄉角樹村,-179,87,266,481,652,0.7,楊源豊,無
彰化縣埔鹽鄉豐澤村,-329,178,507,910,1264,0.7,林振榮,無
彰化縣埤頭鄉中和村,-76,157,233,725,1028,0.7,曾建長,無
彰化縣埤頭鄉元埔村,-169,82,251,394,554,0.7,陳金意,無
彰化縣埤頭鄉合興村,14,495,481,2258,3153,0.7,杜崇維,無
彰化縣埤頭鄉和豊村,-304,337,641,1564,2320,0.7,陳立彬,無
彰化縣埤頭鄉埤頭村,-209,198,407,1018,1489,0.7,黃丁元,民主進步黨
彰化縣埤頭鄉大湖村,-319,120,439,597,889,0.7,邱木生,無
彰化縣埤頭鄉崙子村,-405,160,565,823,1177,0.7,黃士晃,無
彰化縣埤頭鄉崙腳村,-177,111,288,506,694,0.7,許豊麟,無
彰化縣埤頭鄉平原村,30,449,419,1563,2207,0.7,許建成,無
彰化縣埤頭鄉庄內村,-324,211,535,948,1409,0.7,郭幼玲,無
彰化縣埤頭鄉新庄村,-456,131,587,682,960,0.7,黃為結,無
彰化縣埤頭鄉永豐村,-123,240,363,1028,1505,0.7,陳新溪,無
彰化縣埤頭鄉竹圍村,-405,159,564,711,1048,0.7,李旭東,無
彰化縣埤頭鄉興農村,30,299,269,1218,1759,0.7,黃成居,無
彰化縣埤頭鄉芙朝村,-230,199,429,953,1404,0.7,黃永昌,無
彰化縣埤頭鄉豊崙村,-79,325,404,1416,2132,0.7,張肎文,無
彰化縣埤頭鄉陸嘉村,-199,145,344,558,779,0.7,鄒伯其,無
彰化縣大城鄉三豐村,-165,42,207,306,580,0.5,洪行,無
彰化縣大城鄉上山村,-173,118,291,630,1001,0.6,顏榮賢,無
彰化縣大城鄉公館村,-193,83,276,569,951,0.6,蔡慶伍,無
彰化縣大城鄉大城村,-458,104,562,597,914,0.7,張忠和,無
彰化縣大城鄉山腳村,-427,113,540,703,1209,0.6,蔡文宗,無
彰化縣大城鄉東城村,-576,154,730,803,1219,0.7,吳佳,無
彰化縣大城鄉東港村,-387,154,541,899,1511,0.6,陳駿傑,無
彰化縣大城鄉永和村,-212,81,293,380,643,0.6,康忠義,無
彰化縣大城鄉潭墘村,-272,91,363,627,1017,0.6,柯志憲,無
彰化縣大城鄉臺西村,-350,68,418,457,802,0.6,許讓出,無
彰化縣大城鄉菜寮村,-244,111,355,589,976,0.6,林炳芳,無
彰化縣大城鄉西城村,-285,91,376,457,747,0.6,林昭平,無
彰化縣大城鄉西港村,-469,39,508,245,411,0.6,陳儀興,無
彰化縣大城鄉豐美村,-185,77,262,471,796,0.6,王信木,無
彰化縣大城鄉頂庄村,-299,46,345,311,588,0.5,許仁寳,無
彰化縣大村鄉加錫村,-31,335,366,1218,1662,0.7,康佰武,無
彰化縣大村鄉南勢村,-92,270,362,1091,1458,0.7,黃玉河,無
彰化縣大村鄉大崙村,-34,291,325,1190,1642,0.7,陳鑫池,無
彰化縣大村鄉大村村,-30,709,739,2707,3629,0.7,賴錫應,無
彰化縣大村鄉大橋村,-132,301,433,1442,1983,0.7,吳銘國,無
彰化縣大村鄉平和村,-162,483,645,1866,2598,0.7,賴居林,無
彰化縣大村鄉擺塘村,-128,477,605,1962,2667,0.7,游建文,無
彰化縣大村鄉新興村,-449,196,645,846,1189,0.7,黃世昌,無
彰化縣大村鄉村上村,-610,242,852,1057,1446,0.7,賴順從,無
彰化縣大村鄉田洋村,-188,213,401,877,1218,0.7,謝汶鈺,無
彰化縣大村鄉福興村,7,362,355,1540,2168,0.7,邱清標,無
彰化縣大村鄉美港村,209,553,344,2234,3055,0.7,賴福財,無
彰化縣大村鄉茄苳村,-70,228,298,1123,1518,0.7,吳萬船,無
彰化縣大村鄉貢旗村,-1,269,270,1171,1576,0.7,賴國淮,無
彰化縣大村鄉過溝村,101,663,562,2407,3183,0.8,賴保全,無
彰化縣大村鄉黃厝村,-61,426,487,1726,2500,0.7,黃朝啓,無
彰化縣彰化市三村里,-406,226,632,825,1133,0.7,趙文男,無
彰化縣彰化市下廍里,619,903,284,3735,4880,0.8,劉信邦,無
彰化縣彰化市中央里,-336,97,433,533,703,0.8,賴啓榮,無
彰化縣彰化市中山里,-173,124,297,583,793,0.7,楊炎坤,無
彰化縣彰化市中庄里,-155,379,534,1669,2300,0.7,蘇源順,無
彰化縣彰化市中正里,30,226,196,984,1356,0.7,陳冠宇,無
彰化縣彰化市五權里,462,743,281,2834,4056,0.7,謝侑家,無
彰化縣彰化市介壽里,-63,335,398,1538,2628,0.6,蔡美香,無
彰化縣彰化市信義里,-155,97,252,543,719,0.8,陳祝汝,無
彰化縣彰化市光南里,-75,231,306,1009,1335,0.8,蔡耀叁,無
彰化縣彰化市光復里,-161,77,238,447,601,0.7,湯惠釧,無
彰化縣彰化市光華里,-280,90,370,523,691,0.8,謝棟樑,無
彰化縣彰化市南安里,9,360,351,1555,2083,0.7,楊基弘,無
彰化縣彰化市南瑶里,1039,1354,315,5545,7298,0.8,蔣佳彥,無
彰化縣彰化市南美里,-151,378,529,1394,1850,0.8,黃建成,無
彰化縣彰化市南興里,1301,1579,278,5859,7666,0.8,陳芝佑,無
彰化縣彰化市卦山里,52,383,331,1767,2382,0.7,邱妙珠,無
彰化縣彰化市古夷里,246,408,162,1705,2317,0.7,張萬芳,無
彰化縣彰化市台鳳里,439,744,305,3063,4225,0.7,劉寶存,無
彰化縣彰化市向陽里,460,1024,564,3959,5194,0.8,游寬棟,無
彰化縣彰化市和調里,-29,482,511,1897,2522,0.8,張金川,無
彰化縣彰化市國聖里,39,439,400,1817,2386,0.8,王海,無
彰化縣彰化市大同里,-192,147,339,681,919,0.7,王進福,中國國民黨
彰化縣彰化市大竹里,148,492,344,1985,2645,0.8,吳朝琴,無
彰化縣彰化市安溪里,12,360,348,1400,1830,0.8,萬士嘉,無
彰化縣彰化市富貴里,-395,97,492,597,811,0.7,温萬吉,無
彰化縣彰化市寶廍里,-192,244,436,899,1184,0.8,李政,無
彰化縣彰化市崙平里,674,965,291,3842,5187,0.7,梁麗水,無
彰化縣彰化市平和里,467,776,309,3251,4308,0.8,沈明霖,無
彰化縣彰化市延和里,463,862,399,3657,4882,0.7,王勝和,無
彰化縣彰化市延平里,1178,1778,600,6778,9015,0.8,陳雯嘉,無
彰化縣彰化市建寶里,-5,341,346,1579,2120,0.7,陳堂怡,無
彰化縣彰化市彰安里,-72,410,482,2001,2693,0.7,邱逸傑,無
彰化縣彰化市復興里,209,721,512,2884,3889,0.7,李麗真,無
彰化縣彰化市忠孝里,-398,197,595,848,1124,0.8,林正吉,無
彰化縣彰化市忠權里,35,560,525,2274,3059,0.7,林連發,無
彰化縣彰化市快官里,-456,159,615,774,1107,0.7,李坤金,無
彰化縣彰化市成功里,-5,240,245,1069,1414,0.8,洪英宭,無
彰化縣彰化市文化里,-84,192,276,894,1194,0.7,莊啓能,無
彰化縣彰化市新興里,538,1007,469,3858,5067,0.8,吳淑櫻,中國國民黨
彰化縣彰化市新華里,-163,285,448,1245,1664,0.7,林福松,無
彰化縣彰化市東興里,-122,240,362,1064,1443,0.7,林淑娟,中國國民黨
彰化縣彰化市東芳里,-39,615,654,2476,3397,0.7,張顯祺,無
彰化縣彰化市桃源里,99,380,281,1642,2306,0.7,曾福烈,無
彰化縣彰化市民權里,-210,142,352,711,981,0.7,陳孟圭,無
彰化縣彰化市民生里,-133,200,333,938,1263,0.7,陳永裕,無
彰化縣彰化市永生里,-404,164,568,812,1114,0.7,謝清森,無
彰化縣彰化市永福里,-273,148,421,625,810,0.8,向玉蓮,無
彰化縣彰化市牛埔里,-49,502,551,2130,2882,0.7,魏文彬,民主進步黨
彰化縣彰化市田中里,-419,153,572,632,846,0.7,林再森,無
彰化縣彰化市石牌里,-270,171,441,764,1090,0.7,王盈奇,無
彰化縣彰化市磚磘里,88,610,522,2348,3154,0.7,吳孟聰,無
彰化縣彰化市福安里,-339,183,522,756,986,0.8,鄭景芳,無
彰化縣彰化市福山里,806,1111,305,4830,6506,0.7,張海堂,無
彰化縣彰化市福田里,-351,229,580,899,1208,0.7,張畯蓄,無
彰化縣彰化市竹中里,-132,355,487,1527,2083,0.7,何則諭,無
彰化縣彰化市竹巷里,-188,125,313,591,814,0.7,張振遠,無
彰化縣彰化市興北里,37,251,214,1139,1574,0.7,謝明宗,無
彰化縣彰化市茄南里,179,473,294,1819,2354,0.8,邱昱銘,無
彰化縣彰化市茄苳里,-180,255,435,1020,1338,0.8,吳秋仁,無
彰化縣彰化市莿桐里,-62,507,569,2238,2954,0.8,蔡侑訓,無
彰化縣彰化市華北里,-142,228,370,1026,1384,0.7,陳志忠,無
彰化縣彰化市華陽里,-244,252,496,1184,1677,0.7,林榮聰,無
彰化縣彰化市萬壽里,-89,106,195,581,780,0.7,吳建霖,無
彰化縣彰化市萬安里,85,622,537,2713,3593,0.8,髙林秀祝,無
彰化縣彰化市西勢里,96,632,536,2686,3527,0.8,王逢易,無
彰化縣彰化市西安里,-45,461,506,1949,2678,0.7,趙慶忠,無
彰化縣彰化市西興里,265,595,330,2433,3208,0.8,楊火濱,無
彰化縣彰化市長樂里,-311,118,429,662,861,0.8,黄淑美,無
彰化縣彰化市阿夷里,1325,1686,361,6223,8216,0.8,蔡國煌,無
彰化縣彰化市陽明里,-7,259,266,1221,1631,0.7,林振瑞,無
彰化縣彰化市香山里,200,567,367,2404,3235,0.7,許春郎,無
彰化縣彰化市龍山里,-139,297,436,1378,1862,0.7,洪敏玲,無
彰化縣永靖鄉五汴村,-169,203,372,973,1306,0.7,袁百里,無
彰化縣永靖鄉五福村,-40,204,244,994,1398,0.7,高芳熙,無
彰化縣永靖鄉光雲村,-228,247,475,1082,1522,0.7,詹德如,無
彰化縣永靖鄉同仁村,-281,113,394,561,806,0.7,張清標,無
彰化縣永靖鄉同安村,-321,87,408,466,638,0.7,陳坤立,無
彰化縣永靖鄉四芳村,-271,81,352,428,587,0.7,盧清連,無
彰化縣永靖鄉崙子村,-476,223,699,988,1351,0.7,凃永富,無
彰化縣永靖鄉崙美村,-219,118,337,565,731,0.8,胡順昌,無
彰化縣永靖鄉敦厚村,-133,107,240,506,682,0.7,王永宜,無
彰化縣永靖鄉新莊村,-432,175,607,732,1046,0.7,詹日新,無
彰化縣永靖鄉東寧村,-221,286,507,1343,1902,0.7,洪仁俊,無
彰化縣永靖鄉永北村,60,410,350,1588,2090,0.8,劉銘松,無
彰化縣永靖鄉永南村,-206,261,467,1292,1707,0.8,劉嘉龍,無
彰化縣永靖鄉永東村,-337,141,478,581,754,0.8,張銘達,無
彰化縣永靖鄉永興村,-34,274,308,1107,1502,0.7,賴同崙,無
彰化縣永靖鄉永西村,-96,246,342,1089,1445,0.8,胡耿銘,無
彰化縣永靖鄉浮圳村,-506,191,697,837,1166,0.7,游世庭,無
彰化縣永靖鄉港西村,5,281,276,1195,1603,0.7,陳勝照,無
彰化縣永靖鄉湳墘村,-309,119,428,553,782,0.7,林輝,無
彰化縣永靖鄉湳港村,-250,170,420,733,1058,0.7,呂金和,無
彰化縣永靖鄉獨鰲村,-114,123,237,577,791,0.7,江洽如,無
彰化縣永靖鄉瑚璉村,42,454,412,1994,2627,0.8,李振申,無
彰化縣永靖鄉福興村,-518,136,654,739,1036,0.7,江錦文,無
彰化縣永靖鄉竹子村,-596,173,769,907,1220,0.7,周文曲,無
彰化縣溪州鄉三圳村,-469,137,606,839,1192,0.7,廖昆中,無
彰化縣溪州鄉三條村,-337,75,412,560,798,0.7,廖清福,無
彰化縣溪州鄉圳寮村,-182,171,353,1010,1389,0.7,陳勇位,無
彰化縣溪州鄉坑厝村,-334,94,428,466,661,0.7,鄭萬長,無
彰化縣溪州鄉大庄村,-292,227,519,1178,1776,0.7,陳元振,無
彰化縣溪州鄉尾厝村,-144,288,432,1311,1783,0.7,劉清棚,無
彰化縣溪州鄉張厝村,-131,83,214,431,635,0.7,朱合沛,無
彰化縣溪州鄉成功村,-158,216,374,1202,1718,0.7,陳位吉,無
彰化縣溪州鄉東州村,-198,282,480,1435,1911,0.8,陳明桂,無
彰化縣溪州鄉柑園村,-387,125,512,733,1085,0.7,宋金堆,無
彰化縣溪州鄉榮光村,-233,98,331,533,794,0.7,鄭章廷,無
彰化縣溪州鄉水尾村,-12,233,245,1016,1475,0.7,鐘宏池,無
彰化縣溪州鄉溪厝村,-233,290,523,1243,1794,0.7,呂永富,無
彰化縣溪州鄉溪州村,-83,253,336,1122,1492,0.8,陳麗華,無
彰化縣溪州鄉潮洋村,-224,82,306,546,792,0.7,孫樹生,無
彰化縣溪州鄉瓦厝村,-156,135,291,655,840,0.8,顏進宜,無
彰化縣溪州鄉舊眉村,-195,217,412,1013,1436,0.7,蔡順龍,無
彰化縣溪州鄉菜公村,-247,114,361,583,815,0.7,黃世民,無
彰化縣溪州鄉西畔村,-83,240,323,1261,1906,0.7,徐旭安,無
彰化縣溪湖鎮中山里,-50,350,400,1606,2225,0.7,陳振議,無
彰化縣溪湖鎮中竹里,-244,127,371,547,749,0.7,黃柏勳,無
彰化縣溪湖鎮光平里,-408,172,580,832,1129,0.7,楊林玉春,無
彰化縣溪湖鎮光華里,-159,64,223,313,407,0.8,楊耀木,無
彰化縣溪湖鎮北勢里,-286,223,509,1023,1387,0.7,楊添發,無
彰化縣溪湖鎮大庭里,-541,203,744,948,1315,0.7,陳傳助,無
彰化縣溪湖鎮大突里,40,627,587,2489,3421,0.7,謝章啟,無
彰化縣溪湖鎮大竹里,-106,414,520,1730,2381,0.7,楊儒斌,無
彰化縣溪湖鎮太平里,-141,266,407,1221,1680,0.7,施合建,無
彰化縣溪湖鎮媽厝里,-237,176,413,822,1198,0.7,王錦浪,無
彰化縣溪湖鎮平和里,-218,73,291,458,589,0.8,鄭篤喜,無
彰化縣溪湖鎮忠覺里,-293,212,505,873,1190,0.7,吳錫祥,無
彰化縣溪湖鎮東寮里,94,616,522,2492,3434,0.7,巫智成,無
彰化縣溪湖鎮東溪里,-372,247,619,953,1328,0.7,陳添富,無
彰化縣溪湖鎮汴頭里,113,521,408,2144,2936,0.7,楊登棠,無
彰化縣溪湖鎮河東里,-132,277,409,1246,1750,0.7,吳明聰,無
彰化縣溪湖鎮湖東里,334,777,443,3243,4435,0.7,陳芬妮,無
彰化縣溪湖鎮湖西里,-183,355,538,1592,2215,0.7,楊明瞭,無
彰化縣溪湖鎮湳底里,-159,107,266,471,639,0.7,陳聰德,無
彰化縣溪湖鎮田中里,-206,111,317,576,786,0.7,楊銘煇,無
彰化縣溪湖鎮番婆里,54,264,210,1188,1693,0.7,陳總敏,無
彰化縣溪湖鎮西勢里,-250,350,600,1484,2127,0.7,蔡福助,無
彰化縣溪湖鎮西寮里,41,366,325,1601,2104,0.8,巫典源,無
彰化縣溪湖鎮西溪里,-208,332,540,1298,1733,0.7,洪秀鳳,無
彰化縣溪湖鎮頂庄里,-193,115,308,449,647,0.7,黃劉彩梅,無
彰化縣田中鎮三光里,-377,123,500,605,854,0.7,陳裕柳,無
彰化縣田中鎮三安里,-161,181,342,1037,1486,0.7,卓建璋,無
彰化縣田中鎮三民里,-214,217,431,1023,1496,0.7,鄭金賜,無
彰化縣田中鎮中潭里,-22,277,299,1207,1710,0.7,葉淑玲,無
彰化縣田中鎮中路里,-52,253,305,1388,1868,0.7,陳月嬌,無
彰化縣田中鎮北路里,257,526,269,2386,3266,0.7,許竣崎,無
彰化縣田中鎮南路里,-208,176,384,791,1068,0.7,許義東,無
彰化縣田中鎮大崙里,-286,180,466,861,1256,0.7,尤振暉,無
彰化縣田中鎮大社里,-91,129,220,602,821,0.7,陳建市,民主進步黨
彰化縣田中鎮平和里,-19,227,246,967,1391,0.7,陳明圳,無
彰化縣田中鎮復興里,-99,211,310,1023,1428,0.7,游文義,無
彰化縣田中鎮新庄里,-209,374,583,1760,2355,0.7,應昌儒,無
彰化縣田中鎮新民里,306,683,377,2998,4081,0.7,王境銘,無
彰化縣田中鎮東源里,-267,109,376,523,726,0.7,陳聰達,無
彰化縣田中鎮東路里,-152,144,296,707,991,0.7,簡雲龍,無
彰化縣田中鎮梅州里,-56,199,255,859,1242,0.7,葉家國,無
彰化縣田中鎮沙崙里,7,287,280,1258,1811,0.7,謝英其,無
彰化縣田中鎮碧峰里,-365,115,480,619,963,0.6,蕭文忠,無
彰化縣田中鎮西路里,-27,380,407,1709,2322,0.7,劉龍豪,無
彰化縣田中鎮頂潭里,-298,159,457,842,1186,0.7,蕭輔崇,無
彰化縣田中鎮香山里,-213,105,318,539,794,0.7,周嬋娟,無
彰化縣田中鎮龍潭里,-243,82,325,399,545,0.7,蕭光志,無
彰化縣田尾鄉仁里村,-295,241,536,1102,1528,0.7,李坤極,無
彰化縣田尾鄉北曾村,-22,201,223,1059,1462,0.7,莊添鏿,無
彰化縣田尾鄉北鎮村,-403,217,620,793,1133,0.7,邱模,無
彰化縣田尾鄉南曾村,-415,197,612,963,1307,0.7,李明營,無
彰化縣田尾鄉南鎮村,-193,84,277,413,588,0.7,劉定國,無
彰化縣田尾鄉打簾村,87,309,222,1214,1650,0.7,邱垂麟,無
彰化縣田尾鄉新厝村,-95,36,131,173,239,0.7,羅暉杉,無
彰化縣田尾鄉新生村,-250,192,442,932,1292,0.7,陳苑如,無
彰化縣田尾鄉新興村,-408,151,559,737,1001,0.7,蒲創結,無
彰化縣田尾鄉柳鳳村,-346,151,497,721,927,0.8,周一郎,無
彰化縣田尾鄉正義村,-337,180,517,665,887,0.7,王政堅,無
彰化縣田尾鄉海豐村,-100,185,285,901,1311,0.7,吳永棋,無
彰化縣田尾鄉溪畔村,-499,188,687,852,1198,0.7,陳錦津,無
彰化縣田尾鄉溪頂村,-150,73,223,421,591,0.7,顏文龍,無
彰化縣田尾鄉田尾村,-304,196,500,849,1257,0.7,王進峰,無
彰化縣田尾鄉睦宜村,-530,161,691,747,997,0.7,陳作禮,無
彰化縣田尾鄉福田村,-217,112,329,500,699,0.7,陳壯飛,無
彰化縣田尾鄉豐田村,-232,125,357,530,744,0.7,許世榮,無
彰化縣田尾鄉陸豐村,-207,128,335,615,839,0.7,邱柏勲,無
彰化縣田尾鄉饒平村,87,490,403,1852,2537,0.7,蔡文欽,無
彰化縣社頭鄉仁和村,-110,188,298,881,1219,0.7,蕭吉良,無
彰化縣社頭鄉仁雅村,77,492,415,2061,2747,0.8,陳麗芳,無
彰化縣社頭鄉協和村,46,357,311,1502,2119,0.7,劉聰波,無
彰化縣社頭鄉埤斗村,-43,143,186,669,915,0.7,蕭詠隆,無
彰化縣社頭鄉山湖村,-476,164,640,818,1108,0.7,劉秀蘭,無
彰化縣社頭鄉崙雅村,-243,160,403,649,884,0.7,蔡正雄,無
彰化縣社頭鄉平和村,-427,137,564,672,924,0.7,蕭成洽,無
彰化縣社頭鄉廣福村,-203,154,357,667,896,0.7,蕭建元,無
彰化縣社頭鄉廣興村,415,702,287,3058,4236,0.7,蕭燊彰,無
彰化縣社頭鄉張厝村,-284,182,466,864,1197,0.7,蕭成金,無
彰化縣社頭鄉新厝村,11,303,292,1333,1813,0.7,劉培謙,無
彰化縣社頭鄉朝興村,-335,154,489,764,1055,0.7,蕭家鏞,無
彰化縣社頭鄉東興村,41,300,259,1404,1936,0.7,蕭武雄,無
彰化縣社頭鄉松竹村,-497,89,586,385,512,0.8,張秀優,無
彰化縣社頭鄉橋頭村,-82,278,360,1076,1493,0.7,劉三合,無
彰化縣社頭鄉泰安村,-363,75,438,346,483,0.7,蕭益忠,無
彰化縣社頭鄉清水村,-111,200,311,846,1210,0.7,陳登葟,無
彰化縣社頭鄉湳底村,-223,274,497,1201,1689,0.7,謝勝文,無
彰化縣社頭鄉湳雅村,-99,224,323,1029,1422,0.7,張傳亨,無
彰化縣社頭鄉社頭村,-41,426,467,1920,2653,0.7,張育豪,無
彰化縣社頭鄉美雅村,-372,202,574,888,1212,0.7,蕭志鎰,無
彰化縣社頭鄉舊社村,-8,279,287,1189,1590,0.7,陳瑞良,無
彰化縣社頭鄉里仁村,-206,183,389,733,967,0.8,蕭錦時,無
彰化縣社頭鄉龍井村,-220,122,342,559,775,0.7,蕭秋長,無
彰化縣福興鄉三和村,-373,129,502,731,1003,0.7,黃于甄,無
彰化縣福興鄉三汴村,-268,224,492,943,1286,0.7,林義山,無
彰化縣福興鄉二港村,-371,180,551,898,1237,0.7,黃炳春,無
彰化縣福興鄉元中村,-365,297,662,1301,1804,0.7,梁煮賔,無
彰化縣福興鄉同安村,-366,330,696,1574,2244,0.7,卓鋕蒼,無
彰化縣福興鄉外中村,-415,198,613,848,1152,0.7,王萬貴,無
彰化縣福興鄉外埔村,-196,241,437,1034,1475,0.7,陳銘富,無
彰化縣福興鄉大崙村,-563,108,671,448,602,0.7,陳水立,無
彰化縣福興鄉廈粘村,-277,216,493,972,1353,0.7,粘昆在,無
彰化縣福興鄉橋頭村,-65,422,487,1830,2554,0.7,許漢宗,無
彰化縣福興鄉番婆村,-161,345,506,1586,2357,0.7,許信民,無
彰化縣福興鄉番社村,-478,205,683,1072,1422,0.8,許泰昇,無
彰化縣福興鄉社尾村,-310,209,519,990,1394,0.7,陳河傳,無
彰化縣福興鄉福南村,-388,399,787,1709,2506,0.7,洪旭峯,無
彰化縣福興鄉福寶村,-513,169,682,803,1199,0.7,黃耀輝,中國國民黨
彰化縣福興鄉福興村,290,611,321,2561,3546,0.7,林建志,無
彰化縣福興鄉秀厝村,-113,440,553,1866,2520,0.7,蔡金投,民主進步黨
彰化縣福興鄉萬豐村,-188,115,303,600,790,0.8,王美齡,無
彰化縣福興鄉西勢村,-152,238,390,1344,1855,0.7,陳琬美,無
彰化縣福興鄉鎮平村,-279,159,438,771,1127,0.7,許誠龍,無
彰化縣福興鄉頂粘村,-328,402,730,1866,2695,0.7,粘財本,無
彰化縣福興鄉麥厝村,-90,295,385,1367,2067,0.7,梁國忠,無
彰化縣秀水鄉下崙村,-117,342,459,1523,2065,0.7,詹助益,無
彰化縣秀水鄉埔崙村,-86,323,409,1445,1901,0.8,蘇世,無
彰化縣秀水鄉安東村,79,671,592,2767,3730,0.7,謝國華,民主進步黨
彰化縣秀水鄉安溪村,41,411,370,1497,2015,0.7,張紘碩,無
彰化縣秀水鄉曾厝村,39,318,279,1304,1722,0.8,林榮生,無
彰化縣秀水鄉福安村,444,801,357,3312,4442,0.7,周萬發,無
彰化縣秀水鄉秀水村,-217,285,502,1203,1643,0.7,吳財巷,無
彰化縣秀水鄉義興村,-78,287,365,1039,1431,0.7,施文達,無
彰化縣秀水鄉莊雅村,72,431,359,1938,2599,0.7,羅仁錦,無
彰化縣秀水鄉金興村,-139,289,428,1306,1766,0.7,蘇森田,無
彰化縣秀水鄉金陵村,-249,250,499,1236,1683,0.7,劉宥慈,無
彰化縣秀水鄉陝西村,-63,216,279,1002,1386,0.7,林棟樑,無
彰化縣秀水鄉馬興村,9,433,424,1646,2187,0.8,陳明灶,中國國民黨
彰化縣秀水鄉鶴鳴村,305,516,211,2280,3056,0.7,黄明隆,無
彰化縣竹塘鄉五庄村,-110,178,288,932,1439,0.6,洪順天,無
彰化縣竹塘鄉內新村,-230,45,275,325,487,0.7,廖清彬,無
彰化縣竹塘鄉土庫村,-317,72,389,415,575,0.7,廖鐘謀,無
彰化縣竹塘鄉小西村,-130,73,203,437,651,0.7,林永富,無
彰化縣竹塘鄉新廣村,-406,127,533,676,1017,0.7,鐘仁慶,無
彰化縣竹塘鄉樹腳村,-155,95,250,446,612,0.7,黃宥嘉,無
彰化縣竹塘鄉民靖村,-360,105,465,468,705,0.7,莊瑞林,無
彰化縣竹塘鄉永安村,-243,45,288,309,516,0.6,詹峰賓,無
彰化縣竹塘鄉溪墘村,-177,52,229,322,444,0.7,詹培煜,無
彰化縣竹塘鄉田頭村,-271,135,406,634,1019,0.6,鄧世龍,無
彰化縣竹塘鄉竹元村,-560,156,716,790,1115,0.7,蕭慶彬,無
彰化縣竹塘鄉竹塘村,-302,283,585,1350,1922,0.7,詹炳煌,無
彰化縣竹塘鄉竹林村,-388,78,466,479,754,0.6,張鴻武,無
彰化縣竹塘鄉長安村,-401,71,472,486,728,0.7,廖英傑,無
彰化縣線西鄉下犁村,-241,247,488,1027,1388,0.7,顏學敏,無
彰化縣線西鄉塭仔村,-276,200,476,864,1205,0.7,柯巧,無
彰化縣線西鄉寓埔村,32,426,394,1633,2233,0.7,黃柏霖,無
彰化縣線西鄉德興村,-324,239,563,969,1331,0.7,林昭春,無
彰化縣線西鄉溝內村,-250,216,466,821,1178,0.7,蔡綉着,無
彰化縣線西鄉線西村,-358,332,690,1261,1700,0.7,王榮銓,無
彰化縣線西鄉頂庄村,-143,302,445,1208,1698,0.7,林進發,無
彰化縣線西鄉頂犁村,98,541,443,2093,2920,0.7,林美貴,無
彰化縣芬園鄉中崙村,-304,85,389,534,794,0.7,許烱業,無
彰化縣芬園鄉同安村,-210,142,352,765,1091,0.7,林子瓏,無
彰化縣芬園鄉嘉興村,27,238,211,1184,1561,0.8,劉姿均,無
彰化縣芬園鄉圳墘村,-284,82,366,428,613,0.7,陳煌濱,無
彰化縣芬園鄉大埔村,-250,195,445,932,1312,0.7,張凰鳳,無
彰化縣芬園鄉大竹村,-255,115,370,634,924,0.7,許弘興,無
彰化縣芬園鄉楓坑村,-175,88,263,394,542,0.7,李健炎,無
彰化縣芬園鄉溪頭村,-194,242,436,1154,1599,0.7,李永蕙,無
彰化縣芬園鄉社口村,-192,362,554,1755,2409,0.7,莊鴻文,無
彰化縣芬園鄉竹林村,2,296,294,1244,1698,0.7,張文哲,無
彰化縣芬園鄉縣庄村,-520,177,697,796,1089,0.7,褚忠進,無
彰化縣芬園鄉舊社村,-82,274,356,1223,1685,0.7,蔡勝堅,無
彰化縣芬園鄉芬園村,-361,119,480,575,829,0.7,劉耿輝,無
彰化縣芬園鄉茄荖村,-69,328,397,1586,2241,0.7,簡文彬,無
彰化縣芬園鄉進芬村,-427,127,554,646,904,0.7,賴國華,無
彰化縣花壇鄉三春村,-193,281,474,1331,1857,0.7,李明松,無
彰化縣花壇鄉中口村,-181,82,263,491,691,0.7,陳志成,無
彰化縣花壇鄉中庄村,-77,379,456,1643,2248,0.7,李樹林,無
彰化縣花壇鄉劉厝村,-183,153,336,796,1016,0.8,陳懷盛,無
彰化縣花壇鄉北口村,108,325,217,1287,1776,0.7,許淑卿,無
彰化縣花壇鄉南口村,-159,345,504,1354,1838,0.7,呂茂榮,無
彰化縣花壇鄉岩竹村,-181,197,378,937,1278,0.7,林天潤,無
彰化縣花壇鄉崙雅村,-313,238,551,1057,1381,0.8,陳徐秋月,無
彰化縣花壇鄉文德村,96,607,511,2289,3084,0.7,林凱意,無
彰化縣花壇鄉橋頭村,-24,552,576,2284,3167,0.7,謝佩蓉,無
彰化縣花壇鄉永春村,-61,331,392,1302,1844,0.7,陳三弘,無
彰化縣花壇鄉灣東村,-401,136,537,637,873,0.7,許松柏,無
彰化縣花壇鄉灣雅村,-157,137,294,639,858,0.7,羅尹君,無
彰化縣花壇鄉白沙村,445,773,328,3272,4458,0.7,花沛明,無
彰化縣花壇鄉花壇村,166,609,443,2361,3081,0.8,吳東平,無
彰化縣花壇鄉金墩村,-127,296,423,1243,1670,0.7,李清德,無
彰化縣花壇鄉長春村,55,251,196,1058,1556,0.7,林松貴,無
彰化縣花壇鄉長沙村,218,839,621,3504,4780,0.7,柯金地,無
彰化縣芳苑鄉三合村,-20,262,282,1336,1991,0.7,洪文賓,無
彰化縣芳苑鄉三成村,-297,113,410,564,918,0.6,謝東,無
彰化縣芳苑鄉五俊村,-164,48,212,260,462,0.6,洪綮皇,無
彰化縣芳苑鄉仁愛村,-122,63,185,435,701,0.6,黃順興,無
彰化縣芳苑鄉信義村,-255,30,285,260,491,0.5,洪承湟,無
彰化縣芳苑鄉博愛村,-217,63,280,440,646,0.7,林進雄,無
彰化縣芳苑鄉和平村,-229,65,294,447,687,0.7,林進財,無
彰化縣芳苑鄉崙腳村,-204,101,305,468,734,0.6,陳玉山,無
彰化縣芳苑鄉建平村,-57,240,297,1281,1993,0.6,陳仁恭,無
彰化縣芳苑鄉後寮村,-402,112,514,582,899,0.6,洪慶豐,無
彰化縣芳苑鄉文津村,-443,104,547,584,982,0.6,陳鴻圖,無
彰化縣芳苑鄉新寶村,-198,175,373,990,1567,0.6,梁祥盛,無
彰化縣芳苑鄉新生村,-108,145,253,787,1234,0.6,謝和順,無
彰化縣芳苑鄉新街村,-380,38,418,424,726,0.6,洪深泉,無
彰化縣芳苑鄉民生村,-284,64,348,401,616,0.7,洪坤郎,無
彰化縣芳苑鄉永興村,-161,146,307,823,1268,0.6,鐘明堂,無
彰化縣芳苑鄉漢寶村,-149,421,570,2053,3040,0.7,鄭鵬豐,無
彰化縣芳苑鄉王功村,-101,218,319,1304,2011,0.6,黃丁禮,無
彰化縣芳苑鄉福榮村,-320,42,362,322,524,0.6,謝東霖,無
彰化縣芳苑鄉興仁村,-144,145,289,764,1226,0.6,蘇輝煌,無
彰化縣芳苑鄉芳中村,-194,30,224,259,376,0.7,陳忠男,無
彰化縣芳苑鄉芳苑村,-156,90,246,541,899,0.6,洪坤富,無
彰化縣芳苑鄉草湖村,49,180,131,915,1377,0.7,吳堃禾,無
彰化縣芳苑鄉路上村,-243,69,312,348,594,0.6,謝慶文,無
彰化縣芳苑鄉路平村,-173,123,296,546,754,0.7,謝秋臨,無
彰化縣芳苑鄉頂廍村,-186,66,252,364,533,0.7,洪文森,無
彰化縣鹿港鎮中興里,-189,79,268,364,487,0.7,徐許美滿,無
彰化縣鹿港鎮埔崙里,104,782,678,3631,4934,0.7,董建林,無
彰化縣鹿港鎮大有里,-370,197,567,1075,1483,0.7,施俊平,無
彰化縣鹿港鎮山崙里,-75,418,493,2100,2898,0.7,吳順和,無
彰化縣鹿港鎮廖厝里,283,767,484,3062,4152,0.7,陳東山,無
彰化縣鹿港鎮新宮里,-251,122,373,614,801,0.8,何春榮,無
彰化縣鹿港鎮景福里,-420,141,561,744,996,0.7,蔡宗源,無
彰化縣鹿港鎮東崎里,341,832,491,3601,5030,0.7,王明順,無
彰化縣鹿港鎮東石里,278,672,394,3100,4249,0.7,鄧易承,無
彰化縣鹿港鎮永安里,383,672,289,3067,4251,0.7,許沛翎,無
彰化縣鹿港鎮泰興里,-467,162,629,837,1098,0.8,施宣發,無
彰化縣鹿港鎮洋厝里,-21,342,363,1666,2318,0.7,許勝裕,無
彰化縣鹿港鎮洛津里,-293,58,351,288,404,0.7,黃文秋,無
彰化縣鹿港鎮海埔里,11,541,530,2426,3510,0.7,黃振義,無
彰化縣鹿港鎮溝墘里,278,728,450,2983,3964,0.8,洪明園,無
彰化縣鹿港鎮玉順里,-469,129,598,818,1102,0.7,萬家在,無
彰化縣鹿港鎮興化里,-232,56,288,393,547,0.7,黃玲玲,中國國民黨
彰化縣鹿港鎮草中里,-66,499,565,2207,3075,0.7,王國書,中國國民黨
彰化縣鹿港鎮菜園里,-279,110,389,616,807,0.8,黃文樹,無
彰化縣鹿港鎮街尾里,-334,321,655,1600,2097,0.8,許勝嘉,無
彰化縣鹿港鎮詔安里,-30,328,358,1478,2052,0.7,施進益,無
彰化縣鹿港鎮郭厝里,-228,67,295,358,513,0.7,郭献欽,無
彰化縣鹿港鎮長興里,-114,37,151,182,258,0.7,陳麗枝,無
彰化縣鹿港鎮頂厝里,206,510,304,2128,2912,0.7,陳慶津,無
彰化縣鹿港鎮頂番里,36,682,646,2729,3785,0.7,潘文生,無
彰化縣鹿港鎮順興里,-213,121,334,626,866,0.7,郭正興,無
彰化縣鹿港鎮頭南里,-129,394,523,1548,2124,0.7,鄭錦昌,無
彰化縣鹿港鎮頭崙里,-210,418,628,1779,2494,0.7,楊燕眞,無
彰化縣鹿港鎮鹿和里,73,439,366,1660,2296,0.7,許炳熙,無
彰化縣鹿港鎮鹿東里,52,449,397,1890,2514,0.8,林茂己,無
彰化縣鹿港鎮龍山里,-296,68,364,413,581,0.7,陳永祥,無
