村里,2024-2022,2024民眾黨,2022村里長得票,2024投票數,2024選舉人數,2024投票率,里長姓名,里長政黨
新北市三峽區三峽里,-136,30,166,210,263,0.8,黃宗祥,無
新北市三峽區中埔里,46,565,519,2145,3024,0.7,翁聖濰,無
新北市三峽區中正里,95,766,671,3138,4525,0.7,陳志泉,無
新北市三峽區二鬮里,-168,486,654,2241,3146,0.7,陳孝皇,中國國民黨
新北市三峽區五寮里,-169,69,238,496,739,0.7,王金生,無
新北市三峽區介壽里,505,978,473,3844,6017,0.6,周梓亭,無
新北市三峽區八張里,10,593,583,2471,3465,0.7,謝麗玲,無
新北市三峽區嘉添里,-216,229,445,1398,2020,0.7,李萬興,無
新北市三峽區大埔里,63,512,449,2449,3539,0.7,陳永清,中國國民黨
新北市三峽區安坑里,-346,142,488,846,1229,0.7,李秋維,中國國民黨
新北市三峽區安溪里,689,1206,517,4471,6436,0.7,王曼甄,無
新北市三峽區弘道里,-311,150,461,672,974,0.7,陳錦桐,無
新北市三峽區成福里,-361,120,481,648,820,0.8,蔡文敏,無
新北市三峽區插角里,-180,39,219,438,613,0.7,劉添財,無
新北市三峽區有木里,-291,57,348,423,646,0.7,胡幸姍,無
新北市三峽區永舘里,247,951,704,4517,6277,0.7,蘇正國,無
新北市三峽區添福里,-473,133,606,693,972,0.7,陳秉源,無
新北市三峽區溪北里,-190,301,491,1446,1999,0.7,林清明,無
新北市三峽區溪南里,-582,171,753,1012,1335,0.8,蘇伯聰,無
新北市三峽區溪東里,-139,371,510,1779,2622,0.7,陳錫遠,無
新北市三峽區礁溪里,253,898,645,3841,5326,0.7,周志鴻,無
新北市三峽區秀川里,-213,86,299,407,562,0.7,李楷瑞,無
新北市三峽區竹崙里,-283,185,468,1198,1809,0.7,張博勇,無
新北市三峽區金圳里,-189,34,223,310,457,0.7,邱金菊,無
新北市三峽區鳶山里,774,1423,649,5938,8646,0.7,周文美,中國國民黨
新北市三峽區龍埔里,1073,1575,502,6097,8555,0.7,陳椿瑩,無
新北市三峽區龍學里,1876,2292,416,9429,12627,0.7,周秀鳳,無
新北市三峽區龍恩里,539,1120,581,4386,6031,0.7,黃家賢,無
新北市三芝區八賢里,-119,32,151,205,303,0.7,楊振蜂,無
新北市三芝區古庄里,-309,117,426,743,1143,0.7,葉秋蓮,無
新北市三芝區圓山里,-193,72,265,355,498,0.7,葉泓志,無
新北市三芝區埔坪里,316,825,509,4029,6090,0.7,曾玉珍,無
新北市三芝區埔頭里,237,697,460,3149,4654,0.7,簡錦隆,無
新北市三芝區店子里,-138,71,209,383,539,0.7,戴文福,無
新北市三芝區後厝里,-87,222,309,1371,2029,0.7,楊秀彥,中國國民黨
新北市三芝區新庄里,-204,70,274,528,754,0.7,林文章,無
新北市三芝區橫山里,-119,32,151,334,465,0.7,黃麗玲,無
新北市三芝區福德里,-284,99,383,509,735,0.7,郭萬和,中國國民黨
新北市三芝區興華里,-454,140,594,791,1135,0.7,杜國偵,無
新北市三芝區茂長里,-270,68,338,449,594,0.8,林雙喜,無
新北市三芝區錫板里,-306,68,374,449,616,0.7,陳燕國,無
新北市三重區三安里,-104,341,445,1702,2334,0.7,蔡政宗,無
新北市三重區三民里,-103,485,588,2176,2940,0.7,謝素玲,無
新北市三重區中央里,-241,250,491,1194,1627,0.7,馮珮媗,無
新北市三重區中山里,31,377,346,1736,2355,0.7,黃弘毅,無
新北市三重區中正里,-171,189,360,924,1219,0.8,藍文龍,無
新北市三重區中民里,-229,147,376,804,1077,0.7,許滄敏,無
新北市三重區中興里,83,559,476,2664,3484,0.8,林深泉,無
新北市三重區二重里,-428,234,662,1024,1403,0.7,吳淑貞,無
新北市三重區五常里,848,1269,421,4245,5608,0.8,林忠諺,民主進步黨
新北市三重區五福里,-46,538,584,2327,3326,0.7,李福山,無
新北市三重區五華里,269,753,484,3295,4446,0.7,楊志評,無
新北市三重區五谷里,-57,300,357,1281,1692,0.8,張振隆,無
新北市三重區五順里,140,541,401,2359,3397,0.7,洪文珍,無
新北市三重區仁德里,-31,240,271,1225,1729,0.7,陳明志,無
新北市三重區仁忠里,-65,447,512,1854,2759,0.7,黃演添,無
新北市三重區仁義里,-197,206,403,887,1245,0.7,林武雄,無
新北市三重區仁華里,-151,650,801,2811,3730,0.8,洪國林,無
新北市三重區介壽里,-191,161,352,736,1013,0.7,林志祥,無
新北市三重區信安里,-569,277,846,1244,1767,0.7,江政洋,無
新北市三重區光明里,373,1111,738,4648,6362,0.7,李政達,無
新北市三重區光榮里,-441,193,634,919,1275,0.7,劉進明,無
新北市三重區光正里,-150,418,568,1849,2468,0.7,陳志賢,無
新北市三重區光田里,-19,663,682,2978,3922,0.8,吳勝文,無
新北市三重區光華里,57,336,279,1533,2145,0.7,林軍道,民主進步黨
新北市三重區光輝里,-493,199,692,970,1286,0.8,吳松春,中國國民黨
新北市三重區光陽里,315,1004,689,4305,5647,0.8,江燕輝,無
新北市三重區六合里,-181,518,699,2390,3299,0.7,許萬金,無
新北市三重區六福里,439,838,399,3542,4791,0.7,洪順亮,無
新北市三重區博愛里,227,620,393,2885,3914,0.7,范玉琦,無
新北市三重區厚德里,73,535,462,2330,3032,0.8,沈世隆,無
新北市三重區吉利里,-367,187,554,859,1263,0.7,陳金星,無
新北市三重區同安里,-358,196,554,855,1239,0.7,陳首清,無
新北市三重區同慶里,-546,275,821,1140,1560,0.7,張絮淳,無
新北市三重區國隆里,-100,478,578,2000,2579,0.8,傅孫昇,無
新北市三重區培德里,17,517,500,2399,3182,0.8,盧姿貝,無
新北市三重區大同里,-231,294,525,1305,1811,0.7,林汝聰,無
新北市三重區大園里,-96,417,513,1739,2384,0.7,李宗霖,無
新北市三重區大安里,-181,252,433,1071,1461,0.7,羅家林,無
新北市三重區大德里,-170,133,303,543,729,0.7,陳素櫻,民主進步黨
新北市三重區大有里,273,808,535,3412,4554,0.7,鐘林美珠,無
新北市三重區奕壽里,-274,227,501,1087,1484,0.7,周政宏,無
新北市三重區安慶里,-126,298,424,1337,1817,0.7,林金兩,無
新北市三重區富福里,-161,287,448,1271,1775,0.7,陳惟國,無
新北市三重區富華里,12,479,467,2096,2887,0.7,宋美滿,無
新北市三重區富貴里,132,1042,910,4343,5892,0.7,胡天龍,無
新北市三重區尚德里,-55,404,459,1905,2612,0.7,許朝順,無
新北市三重區崇德里,93,501,408,2479,3431,0.7,吳芳明,無
新北市三重區平和里,-478,212,690,1011,1399,0.7,黃進行,無
新北市三重區幸福里,104,614,510,2824,4005,0.7,郭冬賜,無
新北市三重區德厚里,-59,141,200,498,644,0.8,李燕清,無
新北市三重區忠孝里,-444,272,716,1170,1584,0.7,劉子毓,無
新北市三重區慈化里,-50,370,420,1535,2110,0.7,張清泉,無
新北市三重區慈惠里,-275,338,613,1490,1946,0.8,蔡清德,無
新北市三重區慈愛里,176,463,287,2198,2972,0.7,謝粘瑞花,無
新北市三重區慈生里,-84,314,398,1442,1906,0.8,吳瓊茹,無
新北市三重區慈祐里,281,706,425,3136,4313,0.7,謝豪能,無
新北市三重區慈福里,-198,305,503,1441,1990,0.7,邱茂泉,無
新北市三重區成功里,664,1261,597,4848,6394,0.8,許玉娟,無
新北市三重區承德里,-591,252,843,1146,1543,0.7,吳政權,無
新北市三重區文化里,34,287,253,1445,1926,0.8,陳福勝,無
新北市三重區正安里,-605,260,865,1230,1665,0.7,高素梅,無
新北市三重區正德里,-294,122,416,717,972,0.7,賴樹林,無
新北市三重區正義里,-523,254,777,1129,1539,0.7,黃烈山,無
新北市三重區民生里,161,556,395,2742,3742,0.7,陳海順,民主進步黨
新北市三重區永吉里,37,412,375,1769,2406,0.7,劉蕙瑩,無
新北市三重區永安里,-42,575,617,2497,3391,0.7,黃麗伃,無
新北市三重區永德里,227,669,442,2954,4084,0.7,陳冠霖,無
新北市三重區永春里,-292,259,551,1201,1605,0.7,陳虹蓁,無
新北市三重區永清里,272,786,514,3340,4502,0.7,吳瑞發,無
新北市三重區永煇里,34,364,330,1612,2188,0.7,黃志明,無
新北市三重區永發里,2,875,873,3766,4886,0.8,陳綉娜,無
新北市三重區永盛里,-139,459,598,1977,2711,0.7,侯錦足,無
新北市三重區永福里,62,697,635,3276,4415,0.7,呂宜興,無
新北市三重區永興里,-474,209,683,977,1336,0.7,李金壖,無
新北市三重區永豐里,128,818,690,3550,4853,0.7,黃冬茂,民主進步黨
新北市三重區永順里,115,774,659,3042,4251,0.7,許嘉陣,無
新北市三重區清和里,-255,628,883,2689,3611,0.7,楊乾坤,無
新北市三重區溪美里,696,1356,660,5636,7559,0.7,葉仁德,無
新北市三重區瑞德里,-145,310,455,1507,2067,0.7,陳仕宏,無
新北市三重區田中里,190,815,625,3974,5269,0.8,詹貴洪,無
新北市三重區田安里,221,922,701,3957,5315,0.7,陳黃秀美,無
新北市三重區田心里,163,590,427,2675,3552,0.8,蔡雪姮,無
新北市三重區碧華里,716,1419,703,5576,7495,0.7,林佳鴻,無
新北市三重區福利里,-140,368,508,1536,2012,0.8,劉佩華,無
新北市三重區福安里,-210,449,659,1992,2659,0.7,施正通,無
新北市三重區福德里,-234,579,813,2567,3566,0.7,吳叁寶,無
新北市三重區福星里,-369,196,565,823,1092,0.8,紀信助,無
新北市三重區福樂里,-267,553,820,2304,3241,0.7,蘇修賢,民主進步黨
新北市三重區福民里,-188,407,595,2074,2889,0.7,林麗枝,民主進步黨
新北市三重區福田里,-19,564,583,2321,2991,0.8,林清圳,無
新北市三重區福祉里,373,924,551,3746,5023,0.7,陳天森,無
新北市三重區福隆里,314,719,405,2779,3794,0.7,曾嘉斌,無
新北市三重區秀江里,-363,150,513,756,1082,0.7,陳貴美,無
新北市三重區立德里,-40,511,551,2204,2916,0.8,陳金城,無
新北市三重區維德里,-122,431,553,1845,2416,0.8,姚振芳,無
新北市三重區自強里,-557,247,804,1143,1592,0.7,王鴻賓,無
新北市三重區菜寮里,-192,299,491,1420,1920,0.7,梁進益,無
新北市三重區萬壽里,-158,280,438,1316,1767,0.7,袁翠蘭,無
新北市三重區谷王里,-167,323,490,1226,1594,0.8,莊健昌,無
新北市三重區過田里,645,953,308,4243,8728,0.5,林鳳秋,無
新北市三重區重新里,-236,219,455,1039,1348,0.8,柯又方,無
新北市三重區重明里,-277,548,825,2479,3292,0.8,蔡淑玲,無
新北市三重區重陽里,109,513,404,2241,3045,0.7,陳興農,無
新北市三重區錦安里,20,246,226,1151,1636,0.7,朱志平,無
新北市三重區錦江里,47,332,285,1457,2070,0.7,江茂隆,無
新北市三重區錦田里,27,295,268,1384,1875,0.7,陳金來,無
新北市三重區錦通里,-453,180,633,949,1279,0.7,林煒財,無
新北市三重區長元里,-172,374,546,1592,2189,0.7,梁聰明,無
新北市三重區長安里,-189,258,447,1316,1847,0.7,李宗烈,無
新北市三重區長江里,-152,288,440,1290,1760,0.7,唐明聰,無
新北市三重區長泰里,-145,304,449,1411,1982,0.7,陳文禮,無
新北市三重區長生里,-114,127,241,578,803,0.7,王阿育,無
新北市三重區長福里,-440,218,658,1020,1392,0.7,林壽,無
新北市三重區開元里,-451,271,722,1135,1512,0.8,潘素珍,無
新北市三重區雙園里,-269,137,406,606,826,0.7,藍裕舜,無
新北市三重區頂崁里,-26,416,442,1716,2302,0.7,郭文屏,無
新北市三重區順德里,-134,305,439,1402,1933,0.7,李鴻志,無
新北市三重區龍濱里,-270,520,790,2173,2865,0.8,曾添發,無
新北市三重區龍門里,-247,281,528,1193,1678,0.7,吳献彰,無
新北市中和區中原里,1067,1584,517,6173,8159,0.8,鄧熙彥,無
新北市中和區中安里,-140,600,740,2996,3905,0.8,李謙國,中國國民黨
新北市中和區中山里,31,360,329,1721,2329,0.7,江雪嬌,無
新北市中和區中正里,51,540,489,2424,3329,0.7,李銀花,無
新北市中和區中興里,383,1026,643,4283,5705,0.8,游志鴻,中國國民黨
新北市中和區仁和里,-95,570,665,2515,3415,0.7,林達,無
新北市中和區佳和里,254,700,446,3234,4339,0.7,陳得福,中國國民黨
新北市中和區信和里,-91,570,661,2701,3637,0.7,許泰銘,無
新北市中和區內南里,15,664,649,3091,4240,0.7,曾金禧,中國國民黨
新北市中和區冠穗里,28,489,461,2259,2856,0.8,鄭經美,中國國民黨
新北市中和區力行里,298,924,626,4033,5243,0.8,周聰明,中國國民黨
新北市中和區南山里,-46,737,783,3400,4487,0.8,紀忠和,中國國民黨
新北市中和區吉興里,-168,433,601,1904,2564,0.7,陳成功,無
新北市中和區和興里,45,574,529,2871,3820,0.8,蔡璧如,無
新北市中和區員富里,-313,565,878,2354,3209,0.7,蔡宗霖,無
新北市中和區員山里,534,955,421,4085,5424,0.8,藍國鐘,無
新北市中和區嘉慶里,78,623,545,2659,3703,0.7,吳永華,無
新北市中和區嘉新里,-222,578,800,2524,3477,0.7,林后福,無
新北市中和區嘉穗里,-26,387,413,1848,2426,0.8,吳有參,無
新北市中和區國光里,-340,562,902,2563,3355,0.8,蘇俊琦,無
新北市中和區國華里,17,456,439,2193,2913,0.8,童宥翔,無
新北市中和區壽南里,8,326,318,1595,2218,0.7,呂武雄,中國國民黨
新北市中和區壽德里,124,594,470,2967,3859,0.8,張宗正,中國國民黨
新北市中和區外南里,257,668,411,2879,6738,0.4,連顯達,中國國民黨
新北市中和區安和里,-59,374,433,2012,2672,0.8,呂理宏,無
新北市中和區安平里,182,825,643,4005,5149,0.8,林芳飾,中國國民黨
新北市中和區安樂里,14,506,492,2439,3191,0.8,呂福來,中國國民黨
新北市中和區安穗里,232,663,431,2886,3840,0.8,周靜萱,無
新北市中和區安順里,85,530,445,2982,3870,0.8,王雪秋,中國國民黨
新北市中和區宜安里,-446,295,741,1358,1791,0.8,陳素貞,中國國民黨
新北市中和區崇南里,220,625,405,2889,3849,0.8,鄭茂盛,中國國民黨
新北市中和區平河里,712,1417,705,5977,7856,0.8,黃湘雲,無
新北市中和區廟美里,177,594,417,2831,3823,0.7,鄭鈞瑋,中國國民黨
新北市中和區建和里,-253,503,756,2366,3102,0.8,江曉佩,中國國民黨
新北市中和區復興里,-9,650,659,3180,4304,0.7,尤敏玉,無
新北市中和區德穗里,-33,597,630,2952,3986,0.7,詹文定,中國國民黨
新北市中和區德行里,271,1045,774,4325,5632,0.8,陳靜宜,中國國民黨
新北市中和區忠孝里,199,602,403,2888,3999,0.7,呂秋東,中國國民黨
新北市中和區文元里,-23,656,679,3225,4385,0.7,吳欣怡,無
新北市中和區新南里,319,1135,816,5299,7031,0.8,申文博,中國國民黨
新北市中和區明德里,81,518,437,2518,3353,0.8,羅健容,無
新北市中和區明穗里,52,629,577,2882,3787,0.8,何韋翰,無
新北市中和區景南里,-446,229,675,1936,2692,0.7,胡宇辰,中國國民黨
新北市中和區景安里,228,706,478,3285,4247,0.8,游任是,中國國民黨
新北市中和區景平里,562,848,286,4008,5272,0.8,游一龍,中國國民黨
新北市中和區景文里,-134,619,753,2715,3533,0.8,林東銘,中國國民黨
新北市中和區景新里,-270,442,712,2333,3118,0.7,游成家,中國國民黨
新北市中和區景本里,-215,263,478,1336,1781,0.8,張林秀麗,無
新北市中和區景福里,119,842,723,3910,5272,0.7,王坤茂,中國國民黨
新北市中和區東南里,56,472,416,2641,3606,0.7,李武雄,中國國民黨
新北市中和區枋寮里,-228,515,743,2373,3187,0.7,羅仕滄,中國國民黨
新北市中和區橫路里,-126,51,177,236,300,0.8,呂星輝,中國國民黨
新北市中和區正南里,27,422,395,2105,3013,0.7,游滿堂,中國國民黨
新北市中和區正行里,-231,413,644,1855,2497,0.7,陳盈君,無
新北市中和區民享里,-183,350,533,1694,2133,0.8,簡美蓮,無
新北市中和區民安里,-61,779,840,3356,4456,0.8,張金鳳,無
新北市中和區民有里,-69,402,471,1866,2426,0.8,謝清炎,無
新北市中和區民生里,184,584,400,2813,3668,0.8,朱朝鶯,無
新北市中和區泰安里,3,458,455,2206,3021,0.7,葉玉伴,中國國民黨
新北市中和區清穗里,-31,448,479,2194,2867,0.8,沈彥國,無
新北市中和區漳和里,-305,478,783,2460,3338,0.7,劉建盛,無
新北市中和區灰磘里,-218,118,336,493,672,0.7,林鑫宏,無
新北市中和區瑞穗里,-271,280,551,1518,2012,0.8,陳美華,中國國民黨
新北市中和區瓦磘里,326,768,442,3542,4813,0.7,許宇揚,無
新北市中和區碧河里,-14,835,849,3529,4559,0.8,賴清華,無
新北市中和區福南里,293,537,244,2628,3629,0.7,邱淑芬,無
新北市中和區福和里,-124,436,560,2319,3129,0.7,簡健翔,無
新北市中和區福善里,13,612,599,2786,3763,0.7,陳愷松,中國國民黨
新北市中和區福真里,-271,572,843,2682,3641,0.7,蔡昭發,無
新北市中和區福祥里,168,765,597,3368,4356,0.8,張昌期,無
新北市中和區福美里,207,622,415,2908,3746,0.8,梁迪文,無
新北市中和區秀仁里,-182,464,646,2093,2824,0.7,陳慶章,中國國民黨
新北市中和區秀士里,18,358,340,1606,2201,0.7,洪易松,中國國民黨
新北市中和區秀山里,-20,608,628,2955,3963,0.7,林秋宇,中國國民黨
新北市中和區秀峰里,34,741,707,3153,4284,0.7,周存炎,中國國民黨
新北市中和區秀成里,-299,444,743,2203,2957,0.7,吳金松,中國國民黨
新北市中和區秀明里,122,668,546,3188,4410,0.7,施義男,中國國民黨
新北市中和區秀景里,255,864,609,4151,5596,0.7,李淙河,中國國民黨
新北市中和區秀水里,79,479,400,2411,3271,0.7,陳炳男,無
新北市中和區秀福里,-85,661,746,3171,4254,0.7,林江西,無
新北市中和區秀義里,34,373,339,1757,2337,0.8,張文亮,無
新北市中和區積穗里,694,1329,635,5507,7140,0.8,陳致廷,無
新北市中和區自強里,294,701,407,3163,4282,0.7,張興順,無
新北市中和區興南里,-41,399,440,1944,2659,0.7,呂明志,中國國民黨
新北市中和區華南里,92,668,576,3218,4374,0.7,林平發,中國國民黨
新北市中和區華新里,585,1099,514,4909,6867,0.7,楊錦煌,無
新北市中和區連和里,-86,378,464,1643,2222,0.7,朱榮凱,中國國民黨
新北市中和區連城里,435,967,532,4276,5610,0.8,林仁凱,中國國民黨
新北市中和區錦中里,-66,595,661,2615,3568,0.7,范榮豐,無
新北市中和區錦和里,28,779,751,3456,4613,0.7,林進明,無
新北市中和區錦昌里,-40,361,401,1518,2005,0.8,邱尾玟,中國國民黨
新北市中和區錦盛里,32,570,538,2441,3294,0.7,林建全,無
新北市中和區頂南里,-305,393,698,1868,2498,0.7,謝森儒,中國國民黨
新北市五股區五福里,17,508,491,2141,2981,0.7,林郁靜,無
新北市五股區五股里,26,556,530,2391,3790,0.6,陳蔡燕女,無
新北市五股區五龍里,-488,138,626,858,1177,0.7,陳燕山,無
新北市五股區六福里,26,587,561,2415,3448,0.7,謝從慧,無
新北市五股區德泰里,218,669,451,2810,3915,0.7,林永賢,無
新北市五股區德音里,274,902,628,3519,4839,0.7,洪世欣,無
新北市五股區成功里,932,1599,667,5334,7400,0.7,簡銘信,無
新北市五股區成州里,432,915,483,3756,5431,0.7,陳林益,無
新北市五股區成德里,54,480,426,2003,2907,0.7,陳次芬,無
新北市五股區成泰里,1684,2291,607,7694,10768,0.7,潘明宏,無
新北市五股區更寮里,-134,161,295,766,1042,0.7,陳仁益,無
新北市五股區民義里,-248,539,787,2263,3108,0.7,陳添福,無
新北市五股區水碓里,691,1210,519,4884,6946,0.7,邱江永,無
新北市五股區福德里,64,506,442,2040,2976,0.7,楊少芃,無
新北市五股區興珍里,261,658,397,2980,4041,0.7,黃朝枝,無
新北市五股區觀音里,-237,152,389,838,1205,0.7,陳金全,無
新北市五股區貿商里,-64,406,470,1995,2627,0.8,蕭明霞,中國國民黨
新北市五股區陸一里,81,329,248,1689,2292,0.7,王進和,無
新北市五股區集福里,370,550,180,2476,3476,0.7,葉玉芳,無
新北市五股區集賢里,173,683,510,2686,3728,0.7,陳文賓,無
新北市八里區下罟里,-532,241,773,1058,1443,0.7,汪金傳,無
新北市八里區埤頭里,291,702,411,3003,4253,0.7,曾志國,無
新北市八里區大崁里,170,500,330,2255,3171,0.7,林秀眞,無
新北市八里區米倉里,279,573,294,2430,3474,0.7,張恆,無
新北市八里區舊城里,479,1009,530,4389,6418,0.7,陳天發,無
新北市八里區荖阡里,-492,250,742,1093,1600,0.7,楊萬福,無
新北市八里區訊塘里,340,815,475,3443,4823,0.7,張金貴,無
新北市八里區長坑里,-546,210,756,1031,1459,0.7,洪煜豪,無
新北市八里區頂罟里,-8,328,336,1463,2204,0.7,洪志成,無
新北市八里區龍源里,418,992,574,4926,6890,0.7,林俊德,無
新北市土城區中正里,36,519,483,2071,2751,0.8,呂聰成,無
新北市土城區員仁里,318,817,499,3552,4930,0.7,洪永富,無
新北市土城區員信里,131,644,513,2756,3862,0.7,杜萬來,無
新北市土城區員林里,1029,1581,552,5826,7587,0.8,蔡黃地,無
新北市土城區員福里,549,783,234,3345,4735,0.7,黃崇煒,無
新北市土城區土城里,-108,264,372,1269,1789,0.7,徐信榮,無
新北市土城區埤塘里,47,529,482,2368,4887,0.5,邱顯俊,無
新北市土城區埤林里,626,1302,676,5378,7086,0.8,蔡志紅,無
新北市土城區大安里,274,715,441,3112,4298,0.7,張俊隆,無
新北市土城區學士里,37,727,690,3129,4118,0.8,黃榮葵,中國國民黨
新北市土城區學府里,-120,515,635,2207,2970,0.7,宮敬家,無
新北市土城區學成里,-97,522,619,2190,2794,0.8,戴有利,無
新北市土城區安和里,168,792,624,3280,4420,0.7,古秋源,無
新北市土城區峯廷里,575,983,408,4372,6241,0.7,林献章,無
新北市土城區平和里,612,1050,438,4407,6034,0.7,戴文龍,無
新北市土城區廣福里,120,828,708,3567,4788,0.7,丁科秀,無
新北市土城區廣興里,-76,570,646,2252,2962,0.8,張淑玲,中國國民黨
新北市土城區延吉里,81,556,475,2573,3698,0.7,楊季堂,無
新北市土城區延和里,317,979,662,4138,5741,0.7,黃富源,無
新北市土城區延壽里,32,550,518,2727,3803,0.7,滕月蘭,無
新北市土城區延祿里,104,563,459,2489,3556,0.7,周婕,無
新北市土城區廷寮里,35,710,675,3106,4171,0.7,李月嬌,無
新北市土城區復興里,240,645,405,2839,3829,0.7,潘祝惠,無
新北市土城區日和里,894,1280,386,5192,6911,0.8,李福源,無
新北市土城區日新里,-25,618,643,2916,3934,0.7,吳信坪,無
新北市土城區明德里,533,1074,541,4202,5474,0.8,呂理民,無
新北市土城區柑林里,250,776,526,2831,3824,0.7,張育誠,無
新北市土城區樂利里,266,701,435,3234,4325,0.7,黃銀片,無
新北市土城區永富里,188,880,692,3492,4880,0.7,黃思儀,無
新北市土城區永寧里,749,1221,472,5114,7179,0.7,周清芳,無
新北市土城區永豐里,28,664,636,2782,3792,0.7,黃榮沐,無
新北市土城區沛陂里,293,733,440,3069,4218,0.7,王金芬,無
新北市土城區清化里,-431,210,641,1024,1440,0.7,袁慧如,無
新北市土城區清和里,492,858,366,3872,5585,0.7,郭真好,無
新北市土城區清水里,579,1148,569,4994,6929,0.7,江純文,無
新北市土城區清溪里,303,961,658,4281,5845,0.7,彭兆鵬,無
新北市土城區瑞興里,-89,411,500,1928,2639,0.7,蔡萬合,無
新北市土城區祖田里,-438,237,675,1048,1452,0.7,呂惠美,無
新北市土城區裕生里,360,741,381,3518,4751,0.7,楊忠富,無
新北市土城區貨饒里,449,740,291,3074,4146,0.7,周根本,無
新北市土城區金城里,414,953,539,3701,5248,0.7,黃郁惠,無
新北市土城區長風里,-220,263,483,1405,1761,0.8,石忠利,中國國民黨
新北市土城區青山里,81,425,344,1880,2576,0.7,姚韋華,無
新北市土城區青雲里,20,634,614,2312,3126,0.7,廖特青,無
新北市土城區頂埔里,76,699,623,3044,4307,0.7,林忠謀,無
新北市土城區頂新里,-143,491,634,1963,2595,0.8,許元皇,無
新北市土城區頂福里,-25,749,774,3364,4741,0.7,顏義信,無
新北市坪林區上德里,-191,84,275,543,815,0.7,陳金山,無
新北市坪林區坪林里,-290,144,434,893,1247,0.7,陳錦發,無
新北市坪林區大林里,-376,107,483,763,1085,0.7,李秋勝,無
新北市坪林區水德里,-144,64,208,481,642,0.7,鐘國賓,無
新北市坪林區漁光里,-137,44,181,507,826,0.6,白珮嫺,無
新北市坪林區石𥕢里,-100,38,138,264,406,0.7,鐘清良,無
新北市坪林區粗窟里,-38,85,123,584,831,0.7,李志忠,無
新北市平溪區十分里,-222,52,274,481,768,0.6,王瑞麟,無
新北市平溪區南山里,-153,28,181,206,312,0.7,林再來,無
新北市平溪區嶺腳里,-261,47,308,321,557,0.6,陳銘哲,無
新北市平溪區平湖里,-77,21,98,114,152,0.8,林燈源,無
新北市平溪區平溪里,-105,20,125,139,219,0.6,高文城,無
新北市平溪區新寮里,-89,8,97,101,143,0.7,胡兩泉,無
新北市平溪區望古里,-76,17,93,97,149,0.7,林寶玫,無
新北市平溪區東勢里,-194,19,213,279,403,0.7,李明宏,無
新北市平溪區白石里,-96,21,117,161,217,0.7,賴明焜,無
新北市平溪區石底里,-181,38,219,273,375,0.7,楊鄭財,無
新北市平溪區菁桐里,-77,19,96,149,227,0.7,胡秀金,無
新北市平溪區薯榔里,-170,29,199,223,341,0.7,潘隆裕,無
新北市新店區下城里,-263,359,622,2028,2899,0.7,廖瓊瑤,無
新北市新店區中央里,161,743,582,4017,5272,0.8,楊友琪,無
新北市新店區中山里,313,1093,780,5002,6443,0.8,潘威志,無
新北市新店區中正里,448,752,304,3935,5329,0.7,辜鳳琴,中國國民黨
新北市新店區中興里,514,759,245,3825,6951,0.6,林騰彬,無
新北市新店區中華里,-26,568,594,2917,3977,0.7,邱湘羚,無
新北市新店區五峯里,502,1007,505,5054,6836,0.7,陳淑美,中國國民黨
新北市新店區仁愛里,-79,233,312,1327,1798,0.7,蔡伯健,中國國民黨
新北市新店區信義里,184,849,665,4427,5900,0.8,林木己,中國國民黨
新北市新店區公崙里,1419,2045,626,8603,11720,0.7,游炎嵐,中國國民黨
新北市新店區吉祥里,305,624,319,3055,4198,0.7,林永輝,中國國民黨
新北市新店區和平里,-108,242,350,1050,1466,0.7,閻培樞,中國國民黨
新北市新店區員潭里,422,693,271,3324,4670,0.7,施美女,無
新北市新店區國校里,-36,319,355,1650,2277,0.7,郭儒鈞,中國國民黨
新北市新店區國豐里,-287,376,663,1998,2713,0.7,顏榮宏,中國國民黨
新北市新店區塗潭里,-360,87,447,593,889,0.7,邱秀雄,無
新北市新店區大同里,-66,510,576,2624,3355,0.8,俞賢明,無
新北市新店區大豐里,-21,464,485,2380,3166,0.8,張厚仁,無
新北市新店區大鵬里,-329,298,627,1886,2468,0.8,喬天鼎,中國國民黨
新北市新店區太平里,168,434,266,2026,2754,0.7,李謝素珍,中國國民黨
新北市新店區安和里,563,1148,585,5095,6956,0.7,劉淑美,中國國民黨
新北市新店區安昌里,231,817,586,3615,4831,0.7,范姜玉嬌,中國國民黨
新北市新店區寶安里,172,662,490,3556,4795,0.7,宋美雪,中國國民黨
新北市新店區寶福里,402,966,564,4724,6310,0.7,林時文,無
新北市新店區寶興里,309,697,388,3711,4905,0.8,周宥竣,中國國民黨
新北市新店區小城里,148,509,361,2430,3240,0.8,郭仁澤,中國國民黨
新北市新店區屈尺里,-41,259,300,1608,2299,0.7,唐萬居,無
新北市新店區廣明里,-234,100,334,558,776,0.7,張添財,無
新北市新店區廣興里,-344,111,455,840,1236,0.7,吳進興,無
新北市新店區建國里,-341,373,714,1978,2724,0.7,蘇高雪嬌,無
新北市新店區張北里,769,1240,471,5993,8116,0.7,鄭富濃,中國國民黨
新北市新店區張南里,-301,315,616,1670,2286,0.7,林國榮,中國國民黨
新北市新店區復興里,-266,390,656,1976,2866,0.7,劉洪珠,中國國民黨
新北市新店區德安里,155,763,608,3718,5256,0.7,丁萬貴,無
新北市新店區忠孝里,-100,318,418,1820,2509,0.7,游皓麟,中國國民黨
新北市新店區忠誠里,22,290,268,1639,2135,0.8,蔡雯芳,無
新北市新店區文中里,-586,251,837,1164,1582,0.7,劉閔禮,中國國民黨
新北市新店區文明里,1,317,316,1665,2215,0.8,彭永珍,無
新北市新店區新和里,104,586,482,2607,3588,0.7,仇雅彤,中國國民黨
新北市新店區新安里,161,532,371,2617,3563,0.7,黃建福,中國國民黨
新北市新店區新店里,-310,226,536,1147,1598,0.7,陳文德,無
新北市新店區新德里,-1,329,330,1663,2324,0.7,陳炳漢,無
新北市新店區新生里,134,692,558,3822,5102,0.7,黃頌之,中國國民黨
新北市新店區日興里,301,706,405,3476,5148,0.7,廖景春,無
新北市新店區明城里,46,462,416,2290,3115,0.7,蘇善榛,無
新北市新店區明德里,134,570,436,2602,3523,0.7,許漢隆,中國國民黨
新北市新店區柴埕里,910,1274,364,5633,7940,0.7,黃金憲,中國國民黨
新北市新店區永安里,72,658,586,3198,4451,0.7,林清一,無
新北市新店區永平里,480,785,305,3531,4832,0.7,謝世欣,無
新北市新店區江陵里,129,722,593,3656,4876,0.7,葉金珠,中國國民黨
新北市新店區玫瑰里,374,824,450,3742,5238,0.7,施天賜,中國國民黨
新北市新店區百和里,-271,410,681,2088,2808,0.7,陳先鳴,中國國民黨
新北市新店區百忍里,-204,463,667,2393,3224,0.7,陳建利,中國國民黨
新北市新店區百福里,73,523,450,2487,3314,0.8,林燕玲,無
新北市新店區直潭里,-285,124,409,842,1168,0.7,林家榮,無
新北市新店區福德里,39,480,441,2394,3333,0.7,張元亨,中國國民黨
新北市新店區福民里,45,529,484,2715,3706,0.7,盧浩賢,中國國民黨
新北市新店區粗坑里,-86,354,440,1965,2755,0.7,王青偉,無
新北市新店區美城里,-233,363,596,1734,2431,0.7,翁智冠,無
新北市新店區美潭里,152,721,569,3340,4655,0.7,簡明峰,無
新北市新店區華城里,-407,330,737,1936,2631,0.7,花秋賢,無
新北市新店區達觀里,-180,539,719,2678,3627,0.7,金威,無
新北市新店區長春里,-220,323,543,1735,2262,0.8,李傳傑,中國國民黨
新北市新店區雙坑里,-179,63,242,464,692,0.7,周興旺,無
新北市新店區雙城里,208,742,534,3668,5276,0.7,黃燦煌,無
新北市新店區青潭里,251,754,503,3446,4853,0.7,林岑郁,無
新北市新店區頂城里,-68,190,258,937,1426,0.7,王明籐,無
新北市新店區香坡里,1220,1583,363,7535,10504,0.7,郭永城,無
新北市新店區龜山里,-248,173,421,1043,1584,0.7,高義良,無
新北市新莊區中信里,688,1346,658,5297,7089,0.7,林阿元,無
新北市新莊區中全里,74,507,433,2130,2986,0.7,陳柏廷,無
新北市新莊區中原里,1958,2470,512,9026,11980,0.8,黃永昌,無
新北市新莊區中和里,8,653,645,2915,3962,0.7,林孟鴻,無
新北市新莊區中宏里,205,634,429,2324,3144,0.7,洪少欽,無
新北市新莊區中平里,1303,1693,390,6082,7972,0.8,林建良,無
新北市新莊區中泰里,213,610,397,2697,3748,0.7,郭樹琳,中國國民黨
新北市新莊區中港里,491,963,472,3926,5224,0.8,高忠傑,無
新北市新莊區中美里,172,959,787,3872,5123,0.8,陳明卿,民主進步黨
新北市新莊區中華里,-227,437,664,1860,2433,0.8,陳敬波,無
新北市新莊區中誠里,-101,288,389,1302,1828,0.7,沈丁子,無
新北市新莊區中隆里,349,884,535,3415,4633,0.7,吳清標,無
新北市新莊區丹鳳里,940,1328,388,5338,7595,0.7,林永傑,無
新北市新莊區仁愛里,-288,342,630,1573,2257,0.7,吳俊聲,無
新北市新莊區仁義里,190,485,295,2257,3146,0.7,陳文一,民主進步黨
新北市新莊區信義里,200,748,548,3198,4403,0.7,吳秋桂,無
新北市新莊區光和里,-100,399,499,1650,2349,0.7,林光燦,無
新北市新莊區光明里,66,721,655,2909,4112,0.7,廖榮裕,無
新北市新莊區光榮里,223,629,406,2725,3814,0.7,張湘琪,無
新北市新莊區光正里,217,686,469,2679,3710,0.7,陳通助,無
新北市新莊區光華里,562,986,424,4189,5981,0.7,呂芳錦,無
新北市新莊區全安里,-62,638,700,2883,3806,0.8,蔡明祥,無
新北市新莊區全泰里,-4,691,695,3195,4158,0.8,陳哲郎,無
新北市新莊區八德里,49,420,371,1934,2682,0.7,程俊勲,無
新北市新莊區化成里,346,649,303,2588,3487,0.7,陳裔興,無
新北市新莊區南港里,263,822,559,3307,4513,0.7,林朝基,無
新北市新莊區合鳳里,163,642,479,2711,3862,0.7,林永憲,無
新北市新莊區和平里,319,714,395,2951,4034,0.7,蔡河彬,民主進步黨
新北市新莊區四維里,137,637,500,2712,3972,0.7,吳岳澤,無
新北市新莊區國泰里,-351,173,524,838,1156,0.7,陳金乾,無
新北市新莊區富國里,-19,324,343,1436,1982,0.7,許游美蘭,無
新北市新莊區富民里,89,620,531,2455,3350,0.7,陳清泉,無
新北市新莊區幸福里,56,602,546,2629,3653,0.7,盧美玉,無
新北市新莊區建安里,614,1065,451,4287,5815,0.7,王永華,無
新北市新莊區建福里,-130,372,502,1590,2115,0.8,劉金祥,無
新北市新莊區後德里,-213,443,656,1988,2588,0.8,劉臺鳳,無
新北市新莊區後港里,845,1161,316,4628,6111,0.8,邱冠豪,無
新北市新莊區忠孝里,85,762,677,3366,4438,0.8,林長川,無
新北市新莊區思源里,275,765,490,3327,4523,0.7,沈明耀,民主進步黨
新北市新莊區思賢里,222,647,425,2749,3606,0.8,楊祐全,無
新北市新莊區恆安里,33,605,572,2767,3719,0.7,蔡陳恒菊,無
新北市新莊區成德里,139,700,561,3023,4266,0.7,王義寬,無
新北市新莊區文德里,-531,268,799,1163,1543,0.8,陳圓光,無
新北市新莊區文明里,-391,210,601,1083,1456,0.7,張魏春花,無
新北市新莊區文聖里,-348,445,793,2236,2964,0.8,蔣添榮,中國國民黨
新北市新莊區文衡里,-190,305,495,1423,1823,0.8,王慶順,無
新北市新莊區昌信里,138,667,529,2440,3222,0.8,柯明啓,無
新北市新莊區昌平里,1223,1777,554,6013,7971,0.8,林玉華,中國國民黨
新北市新莊區昌明里,159,553,394,2298,3064,0.8,呂嘉群,無
新北市新莊區昌隆里,193,706,513,2857,3775,0.8,吳益昌,無
新北市新莊區榮和里,-324,508,832,2256,5248,0.4,黃希義,中國國民黨
新北市新莊區民全里,63,557,494,2337,3173,0.7,張文興,無
新北市新莊區民安里,580,925,345,3619,4961,0.7,許桎逢,無
新北市新莊區民有里,244,659,415,2583,3421,0.8,吳坤郎,無
新北市新莊區民本里,-19,427,446,1785,2549,0.7,陳秋月,無
新北市新莊區泰豐里,-48,389,437,1602,2222,0.7,王珮宇,無
新北市新莊區海山里,346,725,379,3500,4716,0.7,童滿金,無
新北市新莊區營盤里,-190,236,426,1120,1504,0.7,林宗暉,無
新北市新莊區瓊林里,334,668,334,2998,4221,0.7,吳佳擇,無
新北市新莊區祥鳳里,-203,345,548,1479,2051,0.7,賴俊良,無
新北市新莊區福基里,725,1065,340,3824,5087,0.8,王曜輝,無
新北市新莊區福營里,-138,328,466,1507,2075,0.7,廖皇源,無
新北市新莊區福興里,420,970,550,3946,5269,0.7,楊明教,無
新北市新莊區立人里,-183,280,463,1262,1659,0.8,吳碧麗,無
新北市新莊區立功里,-38,496,534,2189,3088,0.7,陳易澤,無
新北市新莊區立基里,251,914,663,3946,5167,0.8,張中貞,無
新北市新莊區立廷里,1477,2121,644,7691,10128,0.8,許任銘,中國國民黨
新北市新莊區立德里,-88,334,422,1620,2174,0.7,莊玉雲,無
新北市新莊區立志里,183,573,390,2462,3281,0.8,陳立,無
新北市新莊區立泰里,245,714,469,3157,4279,0.7,許文章,無
新北市新莊區立言里,221,709,488,3135,4146,0.8,劉進益,無
新北市新莊區自信里,-178,361,539,1567,2131,0.7,林秋雲,無
新北市新莊區自強里,-215,320,535,1524,2256,0.7,柯蔡阿菜,無
新北市新莊區自立里,250,712,462,3265,4527,0.7,吳東杉,無
新北市新莊區興漢里,-28,478,506,2164,2841,0.8,簡明德,中國國民黨
新北市新莊區萬安里,152,536,384,2299,3176,0.7,游綉蓮,無
新北市新莊區裕民里,533,933,400,4136,5821,0.7,曾榆期,無
新北市新莊區西盛里,1467,2201,734,8184,11109,0.7,陳金田,無
新北市新莊區豐年里,200,512,312,2300,3102,0.7,林麗華,無
新北市新莊區雙鳳里,1313,1916,603,7181,9916,0.7,潘素娥,無
新北市新莊區頭前里,1405,1828,423,6959,9252,0.8,黃國訓,無
新北市新莊區龍安里,35,315,280,1361,1989,0.7,吳庭妤,無
新北市新莊區龍福里,-67,342,409,1380,1924,0.7,陳立維,無
新北市新莊區龍鳳里,1347,1796,449,6446,8613,0.7,林清原,無
新北市板橋區中山里,709,1077,368,4389,6096,0.7,林爽,無
新北市板橋區中正里,357,1278,921,4662,6197,0.8,林煌益,無
新北市板橋區九如里,-239,353,592,1815,2468,0.7,李建重,無
新北市板橋區五權里,131,594,463,2569,3477,0.7,吳童,無
新北市板橋區仁愛里,123,439,316,1974,2586,0.8,葉中正,中國國民黨
新北市板橋區仁翠里,-217,340,557,1823,2435,0.7,陳金泉,無
新北市板橋區介壽里,-26,380,406,1888,2561,0.7,陳慧敏,無
新北市板橋區信義里,97,574,477,2635,3739,0.7,黃閎源,無
新北市板橋區僑中里,142,626,484,2646,3600,0.7,柯秀月,無
新北市板橋區光仁里,-209,376,585,1749,2342,0.7,謝昌佳,無
新北市板橋區光復里,-19,455,474,2131,2883,0.7,王俊智,無
新北市板橋區光榮里,0,337,337,1633,2155,0.8,盛瑞麟,無
新北市板橋區光華里,-327,365,692,1696,2245,0.8,周秀美,無
新北市板橋區公舘里,-16,505,521,2420,3237,0.7,陳黃逽,無
新北市板橋區吉翠里,-18,487,505,2363,3152,0.7,陳清玉,無
新北市板橋區和平里,36,690,654,2617,3394,0.8,李蔡春花,無
新北市板橋區國光里,111,485,374,2564,3239,0.8,古炳丁,無
新北市板橋區國泰里,-137,472,609,2283,3018,0.8,陳志煉,無
新北市板橋區埔墘里,486,883,397,4100,5457,0.8,曾啟瑜,無
新北市板橋區埤墘里,-25,641,666,2735,3652,0.7,蘇琮貴,無
新北市板橋區堂春里,-9,625,634,2591,3576,0.7,劉世標,無
新北市板橋區大安里,141,570,429,2541,3407,0.7,陳勇鎬,無
新北市板橋區大觀里,-153,488,641,2199,3057,0.7,何明山,無
新北市板橋區大豐里,-39,629,668,2921,3912,0.7,張錦堂,無
新北市板橋區宏翠里,459,915,456,3736,4951,0.8,郭曉藝,無
新北市板橋區富貴里,-222,305,527,1523,1985,0.8,詹汝,無
新北市板橋區居仁里,-36,607,643,2520,3334,0.8,郭新芳,無
新北市板橋區崑崙里,895,1397,502,5992,8317,0.7,魏烽智,無
新北市板橋區嵐翠里,-205,312,517,1533,2040,0.8,林彥綱,無
新北市板橋區幸福里,305,554,249,2478,3417,0.7,吳朝琦,無
新北市板橋區廣德里,256,924,668,4329,5868,0.7,周建和,無
新北市板橋區廣新里,-49,461,510,2114,2960,0.7,黃明和,無
新北市板橋區廣福里,211,533,322,2397,3354,0.7,趙桂菊,無
新北市板橋區建國里,75,480,405,2220,2935,0.8,李金城,無
新北市板橋區後埔里,5,500,495,2456,3253,0.8,林義壽,無
新北市板橋區復興里,-79,96,175,625,816,0.8,郭宗輝,無
新北市板橋區德翠里,624,1057,433,4550,5982,0.8,張耀仁,無
新北市板橋區忠翠里,951,1619,668,6909,8927,0.8,張慎芝,無
新北市板橋區忠誠里,9,578,569,2795,3513,0.8,陳玉蘭,中國國民黨
新北市板橋區懷翠里,333,903,570,3825,5224,0.7,蘇俊輝,無
新北市板橋區成和里,434,1117,683,4309,6017,0.7,鄧月茶,無
新北市板橋區振義里,127,575,448,2729,3625,0.8,呂志祥,無
新北市板橋區振興里,189,570,381,2856,3799,0.8,黃清順,無
新北市板橋區挹秀里,-24,212,236,1185,1558,0.8,張麗華,無
新北市板橋區文化里,-66,450,516,2142,2880,0.7,莊英杰,無
新北市板橋區文德里,-174,518,692,2171,2852,0.8,賴錦賜,無
新北市板橋區文翠里,-36,557,593,2563,3384,0.8,王永源,無
新北市板橋區文聖里,-219,524,743,2505,3304,0.8,楊仁瑰,無
新北市板橋區新埔里,-92,260,352,1406,1796,0.8,陳芷庭,無
新北市板橋區新民里,162,544,382,2702,3540,0.8,陳博盛,無
新北市板橋區新海里,67,462,395,2156,2895,0.7,宋靜庭,無
新北市板橋區新生里,214,579,365,2730,3571,0.8,陳慶宗,無
新北市板橋區新翠里,737,1157,420,5297,6969,0.8,陳水杉,無
新北市板橋區新興里,-100,444,544,2018,2865,0.7,羅朝慶,無
新北市板橋區明翠里,121,637,516,2994,4064,0.7,沈德發,無
新北市板橋區景星里,-163,475,638,2248,3058,0.7,林志成,無
新北市板橋區朝陽里,67,428,361,2150,2874,0.7,陳文成,無
新北市板橋區東丘里,194,583,389,2874,3816,0.8,高翊峰,無
新北市板橋區東安里,-205,300,505,1460,1936,0.8,陳聰騰,無
新北市板橋區松柏里,-147,325,472,1515,1955,0.8,王宏志,無
新北市板橋區松翠里,-194,400,594,2057,2835,0.7,林阿萬,無
新北市板橋區柏翠里,279,785,506,3289,4479,0.7,林陳秀菊,無
新北市板橋區歡園里,-361,149,510,756,1015,0.7,王國龍,無
新北市板橋區正泰里,48,407,359,1941,2510,0.8,羅祐祥,無
新北市板橋區民安里,-58,268,326,1338,1720,0.8,吳致宏,中國國民黨
新北市板橋區民族里,273,673,400,2895,3781,0.8,葉成和,無
新北市板橋區民權里,-41,351,392,1779,2292,0.8,黃泰傑,無
新北市板橋區民生里,1,308,307,1423,1852,0.8,楊學文,無
新北市板橋區永安里,-236,543,779,2348,3068,0.8,高導民,無
新北市板橋區江翠里,19,674,655,3257,4490,0.7,蔡明輝,無
新北市板橋區流芳里,-398,169,567,869,1193,0.7,陳建雄,中國國民黨
新北市板橋區浮洲里,94,492,398,2271,3180,0.7,賴姿吟,無
新北市板橋區海山里,895,1092,197,4820,6285,0.8,洪正明,無
新北市板橋區深丘里,440,1037,597,5170,6958,0.7,陳廉誠,無
新北市板橋區港嘴里,398,792,394,3818,5171,0.7,鄭景耀,無
新北市板橋區港尾里,-6,402,408,1871,2381,0.8,張又云,無
新北市板橋區港德里,237,592,355,2899,4010,0.7,江堡寬,無
新北市板橋區湳興里,419,727,308,3225,4441,0.7,劉育奇,無
新北市板橋區溪北里,-163,522,685,2259,3013,0.7,黃炳南,無
新北市板橋區溪洲里,124,829,705,3617,4976,0.7,王山崎,無
新北市板橋區溪福里,1772,2227,455,8738,11908,0.7,楊秋菊,無
新北市板橋區溪頭里,1258,1692,434,6160,8130,0.8,余柏緯,無
新北市板橋區滿翠里,29,363,334,1853,2586,0.7,邱志杰,無
新北市板橋區漢生里,-27,572,599,2732,3574,0.8,蕭水文,無
新北市板橋區玉光里,140,787,647,3325,4559,0.7,曾國旃,無
新北市板橋區留侯里,-473,233,706,1032,1351,0.8,黃承亮,無
新北市板橋區百壽里,-1,383,384,1767,2322,0.8,林華偉,無
新北市板橋區社後里,478,876,398,4089,8877,0.5,莊晉貴,無
新北市板橋區福丘里,263,678,415,3105,4141,0.7,謝徐金蓮,中國國民黨
新北市板橋區福壽里,-73,463,536,2155,2835,0.8,許明順,無
新北市板橋區福安里,848,1247,399,4826,6429,0.8,紀懿容,無
新北市板橋區福德里,219,652,433,3198,4224,0.8,陳志榮,無
新北市板橋區福星里,-268,463,731,2296,2955,0.8,朱泰霖,無
新北市板橋區福祿里,-245,562,807,2522,3457,0.7,呂春蘭,中國國民黨
新北市板橋區福翠里,-421,182,603,824,1164,0.7,陳嘉生,無
新北市板橋區純翠里,87,791,704,3534,4752,0.7,禇仁德,無
新北市板橋區聚安里,168,667,499,3175,4448,0.7,蔡世川,無
新北市板橋區聯翠里,65,517,452,2387,3254,0.7,吳麗梅,無
新北市板橋區自強里,104,617,513,3287,4264,0.8,張雪嬰,無
新北市板橋區自立里,-130,373,503,1793,2389,0.8,呂建同,無
新北市板橋區莊敬里,-109,671,780,2746,3479,0.8,戴清芳,無
新北市板橋區莒光里,-102,363,465,1754,2308,0.8,呂永欽,無
新北市板橋區華中里,41,730,689,3205,4431,0.7,黃榮煌,民主進步黨
新北市板橋區華德里,531,978,447,4364,5996,0.7,陳寶銓,無
新北市板橋區華東里,424,1148,724,5334,6996,0.8,王典芳,無
新北市板橋區華江里,385,996,611,4598,6004,0.8,黃發達,無
新北市板橋區華福里,-2,265,267,1268,1666,0.8,陳素玉,無
新北市板橋區華翠里,111,469,358,2229,2930,0.8,盧建文,無
新北市板橋區華興里,-101,585,686,2706,3617,0.7,劉憲鐘,無
新北市板橋區華貴里,-294,314,608,1606,2165,0.7,林榮彩,無
新北市板橋區西安里,22,340,318,1697,2253,0.8,莊淑慧,無
新北市板橋區赤松里,-327,145,472,661,876,0.8,林文傑,無
新北市板橋區鄉雲里,-86,555,641,2447,3261,0.8,謝秀娥,無
新北市板橋區重慶里,566,1238,672,5382,7366,0.7,許鳳霞,無
新北市板橋區金華里,149,516,367,2431,3325,0.7,洪宗信,無
新北市板橋區長壽里,-2,392,394,1873,2486,0.8,李俊中,無
新北市板橋區長安里,140,625,485,2761,3611,0.8,陳聰文,無
新北市板橋區陽明里,1,343,342,1740,2326,0.7,吳文祺,無
新北市板橋區雙玉里,-325,558,883,2545,3435,0.7,王聰震,無
新北市板橋區青翠里,-96,389,485,1908,2603,0.7,林森照,無
新北市板橋區香丘里,169,475,306,2211,3021,0.7,蘇淑芳,無
新北市板橋區香社里,269,675,406,2977,3921,0.8,林勝隆,無
新北市板橋區香雅里,-139,478,617,1818,2459,0.7,謝淑姿,無
新北市板橋區黃石里,-337,148,485,760,1010,0.8,吳聰榮,中國國民黨
新北市板橋區龍安里,-162,342,504,1763,2354,0.7,黃春生,無
新北市板橋區龍翠里,61,718,657,3215,4279,0.8,張振發,無
新北市林口區下福里,-539,174,713,877,1186,0.7,李美玉,無
新北市林口區中湖里,345,897,552,3335,4644,0.7,陳國珍,無
新北市林口區仁愛里,684,1085,401,4403,6006,0.7,劉鴻橋,中國國民黨
新北市林口區南勢里,4370,4747,377,17582,23663,0.7,陳國烝,無
新北市林口區嘉寶里,-483,117,600,649,869,0.7,黃建邦,無
新北市林口區太平里,-280,260,540,1025,1409,0.7,謝玉祥,無
新北市林口區東勢里,797,1111,314,4743,6535,0.7,李文基,無
新北市林口區東林里,-83,451,534,2331,3314,0.7,陳洪賓,無
新北市林口區林口里,407,724,317,3295,4790,0.7,蘇夏宗,無
新北市林口區湖北里,-587,181,768,971,1283,0.8,張文清,無
新北市林口區湖南里,4063,4349,286,16663,22767,0.7,黃清龍,中國國民黨
新北市林口區瑞平里,-115,103,218,533,733,0.7,洪淑芬,無
新北市林口區菁湖里,-90,559,649,2692,3651,0.7,林益興,無
新北市林口區西林里,1113,1614,501,6991,9839,0.7,王國華,無
新北市林口區頂福里,-385,107,492,678,962,0.7,蘇源和,無
新北市林口區麗園里,8,577,569,2547,3467,0.7,黃添福,無
新北市林口區麗林里,768,1336,568,5566,7602,0.7,薛純良,無
新北市樹林區三多里,-106,558,664,2358,3435,0.7,吳謝秀琴,無
新北市樹林區三福里,221,508,287,2390,3317,0.7,張致遠,無
新北市樹林區三興里,53,614,561,2692,4021,0.7,王永村,無
新北市樹林區三龍里,-237,348,585,1390,1803,0.8,周淑甘,無
新北市樹林區中山里,-78,735,813,3366,4699,0.7,簡炎輝,無
新北市樹林區中華里,-161,518,679,2048,2914,0.7,張美珠,無
新北市樹林區保安里,592,927,335,3896,5289,0.7,李錫寶,無
新北市樹林區光興里,108,606,498,2535,3518,0.7,何明峰,無
新北市樹林區北園里,10,318,308,1377,1881,0.7,王仲卿,無
新北市樹林區南園里,1693,2215,522,9235,12530,0.7,李培鈺,無
新北市樹林區和平里,228,537,309,2357,3282,0.7,陳文霖,無
新北市樹林區圳安里,31,548,517,2329,3195,0.7,許進旺,無
新北市樹林區圳民里,-91,433,524,1810,2493,0.7,王墘,無
新北市樹林區圳生里,-430,209,639,1020,1374,0.7,簡敬豪,無
新北市樹林區圳福里,107,629,522,2693,3774,0.7,蘇益和,無
新北市樹林區坡內里,-305,252,557,1090,1484,0.7,陳譽丰,無
新北市樹林區大同里,-148,529,677,2246,2978,0.8,許進旺,無
新北市樹林區太順里,-137,390,527,1630,2352,0.7,蔣榮井,無
新北市樹林區山佳里,524,867,343,3615,4985,0.7,張進宗,無
新北市樹林區彭厝里,432,699,267,2992,4197,0.7,蕭廷輝,無
新北市樹林區彭福里,495,879,384,3402,4800,0.7,楊世元,無
新北市樹林區彭興里,513,881,368,3463,4975,0.7,廖建忠,無
新北市樹林區文林里,400,764,364,3228,4358,0.7,甘永昌,無
新北市樹林區東園里,-373,224,597,1063,1501,0.7,陳兩進,無
新北市樹林區東山里,115,463,348,1984,2755,0.7,高健市,無
新北市樹林區東昇里,490,805,315,3229,4308,0.7,詹麒叡,中國國民黨
新北市樹林區東陽里,222,836,614,3636,5063,0.7,林耿邦,無
新北市樹林區柑園里,1210,1489,279,6214,8247,0.8,詹志昌,無
新北市樹林區樂山里,-482,285,767,1278,1776,0.7,廖文斌,無
新北市樹林區樹人里,-96,476,572,1995,2716,0.7,邱世昌,無
新北市樹林區樹北里,-333,111,444,629,833,0.8,林俊明,無
新北市樹林區樹南里,94,595,501,2624,3519,0.7,邱垂章,無
新北市樹林區樹德里,100,492,392,2366,3072,0.8,陳雲明,無
新北市樹林區樹東里,-153,161,314,765,1024,0.7,張木科,無
新北市樹林區樹福里,-85,495,580,2368,3056,0.8,廖訂印,無
新北市樹林區樹興里,41,541,500,2283,3131,0.7,詹美齡,無
新北市樹林區樹西里,282,712,430,3301,4333,0.8,羅煥滿,無
新北市樹林區潭底里,-115,540,655,2515,4376,0.6,許萬來,無
新北市樹林區獇寮里,299,635,336,2948,4256,0.7,劉燕雪,無
新北市樹林區育英里,-111,522,633,2108,2748,0.8,詹炳新,無
新北市樹林區西園里,-609,247,856,1081,1568,0.7,陳振彥,無
新北市樹林區金寮里,65,621,556,2698,3774,0.7,楊淑惠,無
新北市永和區上林里,-296,429,725,2196,2976,0.7,林維楠,中國國民黨
新北市永和區上溪里,15,213,198,1187,1660,0.7,賴碧鑾,中國國民黨
新北市永和區下溪里,-5,648,653,2992,3959,0.8,林敏德,中國國民黨
新北市永和區中溪里,365,702,337,3212,4304,0.7,吳春玉,中國國民黨
新北市永和區中興里,-181,413,594,2047,2795,0.7,林東誼,中國國民黨
新北市永和區仁愛里,-228,365,593,1832,2369,0.8,李天助,中國國民黨
新北市永和區保安里,241,943,702,4493,5935,0.8,許承煬,中國國民黨
新北市永和區保平里,83,667,584,3078,4033,0.8,王春琇,無
新北市永和區保順里,958,1504,546,6809,9058,0.8,林葉成,中國國民黨
新北市永和區信義里,6,303,297,1651,2246,0.7,莊瑞雲,無
新北市永和區光復里,-346,220,566,1097,1480,0.7,張漢坤,無
新北市永和區光明里,-84,389,473,1952,2531,0.8,呂嘉慧,中國國民黨
新北市永和區前溪里,-613,277,890,1366,1852,0.7,方金源,中國國民黨
新北市永和區勵行里,-272,165,437,780,1069,0.7,洪敏,中國國民黨
新北市永和區協和里,-289,347,636,1878,2519,0.7,陳昱庭,中國國民黨
新北市永和區和平里,6,600,594,2963,4095,0.7,柳舒雲,中國國民黨
新北市永和區大同里,-332,129,461,689,933,0.7,陳健蒼,中國國民黨
新北市永和區大新里,-104,349,453,1722,2248,0.8,朱文燦,中國國民黨
新北市永和區安和里,167,503,336,2529,3297,0.8,王盈芳,中國國民黨
新北市永和區店街里,160,531,371,2602,3569,0.7,王訢人,無
新北市永和區後溪里,-157,271,428,1336,1775,0.8,莊銘淵,民主進步黨
新北市永和區得和里,147,552,405,2692,3571,0.8,蔡綉花,中國國民黨
新北市永和區復興里,-210,294,504,1532,2060,0.7,葉斯修,中國國民黨
新北市永和區忠義里,-198,77,275,504,668,0.8,陳英偉,中國國民黨
新北市永和區文化里,-268,365,633,1767,2395,0.7,陳水上,中國國民黨
新北市永和區新廍里,-46,278,324,1449,1915,0.8,紀詠心,無
新北市永和區新生里,-281,143,424,614,852,0.7,姜銀英,中國國民黨
新北市永和區智光里,-176,440,616,1950,2722,0.7,趙珮蓁,中國國民黨
新北市永和區桂林里,51,487,436,2292,3167,0.7,盧宣蓉,無
新北市永和區正興里,-27,263,290,1397,1923,0.7,江貴滿,中國國民黨
新北市永和區民富里,-170,399,569,1802,2432,0.7,林士翔,中國國民黨
新北市永和區民族里,152,569,417,2883,3855,0.7,張淑美,中國國民黨
新北市永和區民本里,13,499,486,2381,3316,0.7,曹麗莉,無
新北市永和區民樂里,-36,568,604,2929,3852,0.8,潘慶忠,中國國民黨
新北市永和區民權里,160,600,440,2807,3749,0.7,鄭文昌,中國國民黨
新北市永和區民治里,-247,340,587,1734,2413,0.7,陳以樂,中國國民黨
新北市永和區民生里,100,455,355,2452,3274,0.7,黃新旺,無
新北市永和區水源里,-33,521,554,2483,3316,0.7,柯義和,中國國民黨
新北市永和區永元里,231,630,399,2965,3934,0.8,呂卓春英,中國國民黨
新北市永和區永安里,125,573,448,2724,3568,0.8,陳欽宗,中國國民黨
新北市永和區永成里,-323,116,439,636,879,0.7,周國良,中國國民黨
新北市永和區永樂里,10,337,327,1483,2010,0.7,許政鎧,中國國民黨
新北市永和區永福里,-18,367,385,1784,2325,0.8,陳紫渝,無
新北市永和區永興里,-207,406,613,1905,2681,0.7,陳錦松,中國國民黨
新北市永和區永貞里,-179,404,583,2105,2819,0.7,薛凌亞,無
新北市永和區河堤里,32,464,432,2149,2936,0.7,陳功明,無
新北市永和區河濱里,-251,439,690,2032,2737,0.7,孫黃秋月,中國國民黨
新北市永和區潭墘里,6,582,576,2859,3852,0.7,阮汪淑華,中國國民黨
新北市永和區潭安里,174,630,456,2993,4035,0.7,游富喬,中國國民黨
新北市永和區福和里,112,603,491,3251,4380,0.7,王淑美,中國國民黨
新北市永和區福林里,-60,398,458,2066,2792,0.7,孫協同,中國國民黨
新北市永和區秀元里,-237,361,598,1947,2594,0.8,饒金妹,中國國民黨
新北市永和區秀和里,-37,636,673,3140,4156,0.8,孫和連,中國國民黨
新北市永和區秀得里,-104,348,452,1687,2239,0.8,高欽,中國國民黨
新北市永和區秀成里,-200,382,582,1764,2424,0.7,黃昰瑋,中國國民黨
新北市永和區秀朗里,-270,519,789,2380,3254,0.7,沈賜是,中國國民黨
新北市永和區秀林里,-271,510,781,2521,3324,0.8,宏達,中國國民黨
新北市永和區竹林里,41,465,424,2309,3104,0.7,王素娥,中國國民黨
新北市永和區網溪里,-189,146,335,724,1007,0.7,孫德欽,中國國民黨
新北市永和區豫溪里,-330,407,737,2359,4463,0.5,廖亦芳,無
新北市永和區雙和里,-372,515,887,2497,3290,0.8,黃珠珪,中國國民黨
新北市永和區頂溪里,-98,354,452,1645,2162,0.8,蔡美娟,中國國民黨
新北市汐止區中興里,469,1120,651,4928,6996,0.7,蔡振國,無
新北市汐止區仁德里,-173,255,428,1195,1649,0.7,李汶和,無
新北市汐止區保安里,-476,244,720,1036,1464,0.7,蘇忠吉,無
新北市汐止區保新里,143,426,283,1798,2668,0.7,吳明道,無
新北市汐止區保長里,88,760,672,2986,4183,0.7,賴宗福,無
新北市汐止區信望里,-147,36,183,215,300,0.7,楊順德,無
新北市汐止區八連里,-204,110,314,636,934,0.7,周順益,無
新北市汐止區北山里,499,833,334,3907,5252,0.7,陳秀蓉,無
新北市汐止區北峰里,274,782,508,3248,4569,0.7,陳南海,無
新北市汐止區厚德里,403,1105,702,4769,6787,0.7,陳有諒,中國國民黨
新北市汐止區城中里,-56,710,766,3052,4089,0.7,廖福賢,無
新北市汐止區大同里,-125,410,535,1891,2554,0.7,黃翠華,無
新北市汐止區宜興里,-283,377,660,1980,2656,0.7,陳清溪,中國國民黨
新北市汐止區山光里,181,536,355,2025,2890,0.7,陳永松,中國國民黨
新北市汐止區崇德里,171,777,606,3156,4334,0.7,蘇宏杰,無
新北市汐止區康福里,280,824,544,3515,4915,0.7,曾淑蘭,無
新北市汐止區建成里,147,804,657,3496,4653,0.8,黃信裕,無
新北市汐止區復興里,230,1042,812,4831,6273,0.8,蕭素真,無
新北市汐止區忠孝里,672,1227,555,5297,7464,0.7,丁彥伶,中國國民黨
新北市汐止區忠山里,-66,478,544,2430,3089,0.8,吳國全,中國國民黨
新北市汐止區拱北里,262,655,393,3002,4645,0.6,高世國,無
新北市汐止區文化里,357,801,444,3088,4100,0.8,余寶聰,中國國民黨
新北市汐止區新昌里,142,792,650,3434,4746,0.7,林碧霞,中國國民黨
新北市汐止區智慧里,121,709,588,3099,4200,0.7,黃智明,無
新北市汐止區東勢里,231,724,493,3362,4535,0.7,賴一山,無
新北市汐止區東山里,-92,63,155,368,537,0.7,虞恉剛,無
新北市汐止區樟樹里,-287,265,552,1318,1948,0.7,高名杉,無
新北市汐止區橋東里,49,614,565,2388,3255,0.7,陶威中,無
新北市汐止區橫科里,93,666,573,3026,4166,0.7,詹清山,中國國民黨
新北市汐止區江北里,417,895,478,3874,5480,0.7,謝祚敏,中國國民黨
新北市汐止區湖光里,571,962,391,4232,5681,0.7,杜金泉,無
新北市汐止區湖興里,330,869,539,4382,6000,0.7,郭書成,無
新北市汐止區湖蓮里,-58,407,465,2045,2645,0.8,曾連福,中國國民黨
新北市汐止區烘內里,-261,190,451,1016,1465,0.7,蘇明勇,無
新北市汐止區環河里,-435,141,576,827,1135,0.7,黃世和,民主進步黨
新北市汐止區白雲里,180,683,503,2968,4106,0.7,陳俊地,無
新北市汐止區福安里,404,1040,636,4081,5506,0.7,顏群宗,無
新北市汐止區福山里,-231,504,735,2467,3395,0.7,謝志忠,中國國民黨
新北市汐止區福德里,-100,506,606,2239,3188,0.7,林山永,無
新北市汐止區禮門里,-219,158,377,730,998,0.7,李朝發,無
新北市汐止區秀山里,310,709,399,3012,4135,0.7,謝慧芝,中國國民黨
新北市汐止區秀峰里,94,634,540,2595,4797,0.5,蘇樹木,無
新北市汐止區義民里,-227,154,381,873,1177,0.7,吳佩銘,無
新北市汐止區自強里,438,949,511,3821,5145,0.7,康金龍,無
新北市汐止區興福里,111,494,383,2217,3028,0.7,韓君灝,無
新北市汐止區茄苳里,325,672,347,2766,4012,0.7,葉雅惠,無
新北市汐止區鄉長里,52,321,269,1538,2084,0.7,曾俊華,無
新北市汐止區金龍里,85,812,727,3512,4977,0.7,陳美麗,無
新北市汐止區長安里,-266,238,504,1048,1498,0.7,楊清風,無
新北市汐止區長青里,-310,110,420,652,885,0.7,陳建興,中國國民黨
新北市泰山區全興里,847,1385,538,5425,7672,0.7,趙木山,無
新北市泰山區同榮里,294,581,287,2714,3639,0.7,馬豫軍,無
新北市泰山區同興里,11,516,505,2363,3135,0.8,詹明德,無
新北市泰山區大科里,47,114,67,544,769,0.7,許鈞迪,無
新北市泰山區山腳里,536,996,460,4099,5806,0.7,王國超,無
新北市泰山區新明里,-18,454,472,2022,2760,0.7,林柏融,無
新北市泰山區明志里,117,539,422,2458,3281,0.7,陳春祈,無
新北市泰山區楓樹里,305,674,369,2722,3748,0.7,鄭美玲,無
新北市泰山區泰友里,93,285,192,1333,1770,0.8,温來居,無
新北市泰山區福泰里,11,355,344,1708,2385,0.7,劉丁源,無
新北市泰山區福興里,-112,585,697,2288,3099,0.7,張玉琴,中國國民黨
新北市泰山區義仁里,871,1495,624,5557,7447,0.7,許火炎,無
新北市泰山區義學里,133,729,596,2968,4071,0.7,陳和榮,無
新北市泰山區貴和里,300,768,468,3130,4323,0.7,余碧玉,無
新北市泰山區貴子里,138,591,453,2612,3519,0.7,戴聯樹,無
新北市泰山區貴賢里,188,515,327,2463,3239,0.8,陳岳宏,無
新北市泰山區黎明里,-54,504,558,2189,3008,0.7,施呈林,無
新北市淡水區中和里,-247,82,329,404,530,0.8,王文輝,無
新北市淡水區中興里,-27,514,541,2541,3585,0.7,江慶發,無
新北市淡水區八勢里,166,896,730,4634,6537,0.7,沈欽裕,無
新北市淡水區北投里,918,1662,744,6769,9303,0.7,張麗卿,中國國民黨
新北市淡水區北新里,-16,435,451,1797,2654,0.7,許春榮,中國國民黨
新北市淡水區協元里,-468,156,624,876,1267,0.7,蕭慶和,無
新北市淡水區坪頂里,-481,165,646,898,1264,0.7,郭建義,無
新北市淡水區埤島里,-587,279,866,1285,1816,0.7,蔡正忠,無
新北市淡水區大庄里,1158,1701,543,7530,10575,0.7,林建仲,中國國民黨
新北市淡水區學府里,109,651,542,2833,4246,0.7,林文成,無
新北市淡水區屯山里,-165,155,320,722,944,0.8,李永清,無
新北市淡水區崁頂里,3643,3909,266,14567,21385,0.7,吳庭岳,無
新北市淡水區幸福里,1,507,506,2375,3347,0.7,李佳倩,無
新北市淡水區忠寮里,-466,133,599,736,1020,0.7,蔣耿南,無
新北市淡水區忠山里,-284,102,386,556,758,0.7,潘炳丁,中國國民黨
新北市淡水區文化里,-270,239,509,1083,1544,0.7,彭梅香,中國國民黨
新北市淡水區新春里,832,1408,576,5900,8413,0.7,莊志文,無
新北市淡水區新民里,30,681,651,2991,4234,0.7,林聖傑,無
新北市淡水區新生里,-99,52,151,288,384,0.8,洪正宗,無
新北市淡水區新義里,-42,576,618,2542,3610,0.7,盧寶全,無
新北市淡水區新興里,458,1081,623,4647,6564,0.7,吳錦泉,無
新北市淡水區樹興里,-430,183,613,979,1489,0.7,許秋芳,無
新北市淡水區正德里,7,690,683,2944,4146,0.7,黃俊雄,無
新北市淡水區民安里,-247,69,316,442,601,0.7,鄭英和,無
新北市淡水區民權里,-26,693,719,3280,4352,0.8,江瑟媚,無
新北市淡水區民生里,189,978,789,4719,6541,0.7,陳李明緣,中國國民黨
新北市淡水區水源里,-92,237,329,1314,1885,0.7,李貴鐘,無
新北市淡水區水碓里,408,778,370,3618,5051,0.7,孫麗明,無
新北市淡水區永吉里,-349,100,449,584,773,0.8,謝安棋,無
新北市淡水區沙崙里,301,705,404,3237,4788,0.7,彭瑀筑,無
新北市淡水區油車里,59,714,655,3451,4878,0.7,唐儷樺,中國國民黨
新北市淡水區清文里,-271,149,420,730,1022,0.7,周文烈,無
新北市淡水區福德里,668,990,322,4736,6364,0.7,吳穎綸,無
新北市淡水區竹圍里,236,890,654,4097,5566,0.7,李啟源,無
新北市淡水區竿蓁里,1126,1592,466,7252,10370,0.7,王信崇,中國國民黨
新北市淡水區義山里,-69,304,373,1561,2283,0.7,楊永麗,無
新北市淡水區興仁里,-523,165,688,952,1420,0.7,盧仁澤,無
新北市淡水區草東里,-257,68,325,503,667,0.8,黃逢晚,無
新北市淡水區蕃薯里,-158,145,303,664,1007,0.7,王壽喜,無
新北市淡水區賢孝里,-543,199,742,998,1423,0.7,葉振昌,無
新北市淡水區鄧公里,235,823,588,3952,5395,0.7,邱美津,中國國民黨
新北市淡水區長庚里,-558,206,764,955,1278,0.7,陳崇煌,無
新北市深坑區土庫里,-193,407,600,1890,2691,0.7,高太郎,無
新北市深坑區埔新里,342,866,524,4017,5570,0.7,蔡桂英,無
新北市深坑區昇高里,-363,257,620,1392,1889,0.7,李傳震,無
新北市深坑區深坑里,-291,437,728,2211,3124,0.7,黃建強,無
新北市深坑區萬福里,-300,333,633,1753,2443,0.7,鄭宗良,無
新北市深坑區萬順里,-82,320,402,1610,2304,0.7,楊文得,無
新北市深坑區賴仲里,67,332,265,1562,2151,0.7,蕭麗玉,無
新北市深坑區阿柔里,-106,68,174,409,535,0.8,羅定國,無
新北市烏來區信賢里,-169,45,214,303,473,0.6,簡凱健,無
新北市烏來區孝義里,-37,42,79,154,225,0.7,呂永豐,無
新北市烏來區忠治里,-85,215,300,1094,1559,0.7,黃忠信,無
新北市烏來區烏來里,-11,301,312,1607,2282,0.7,林春雄,無
新北市烏來區福山里,-170,71,241,374,595,0.6,陳春櫻,無
新北市瑞芳區上天里,-133,160,293,805,1201,0.7,林瑞明,無
新北市瑞芳區傑魚里,-106,261,367,1192,1803,0.7,周清標,無
新北市瑞芳區光復里,-76,13,89,152,239,0.6,周晉億,無
新北市瑞芳區南雅里,-123,27,150,185,260,0.7,吳顯煌,無
新北市瑞芳區吉安里,-23,376,399,1861,2778,0.7,謝永昌,無
新北市瑞芳區吉慶里,-159,245,404,1142,1640,0.7,簡惠麗,無
新北市瑞芳區基山里,-131,41,172,257,392,0.7,石智能,無
新北市瑞芳區崇文里,-123,19,142,168,278,0.6,江李美女,無
新北市瑞芳區弓橋里,-79,38,117,247,285,0.9,陳明星,無
新北市瑞芳區新山里,-144,38,182,218,344,0.6,吳苓芳,無
新北市瑞芳區新峰里,62,446,384,1999,3018,0.7,黃茂峻,無
新北市瑞芳區東和里,-97,203,300,1019,1527,0.7,周樹木,無
新北市瑞芳區柑坪里,-342,133,475,670,999,0.7,許銘仁,無
新北市瑞芳區永慶里,-71,41,112,241,384,0.6,許義村,無
新北市瑞芳區海濱里,-395,133,528,739,1218,0.6,鄧麗華,無
新北市瑞芳區深澳里,-247,151,398,756,1227,0.6,賴孟宏,無
新北市瑞芳區濓新里,-109,16,125,141,261,0.5,黃瑞聰,無
新北市瑞芳區濓洞里,-130,38,168,278,424,0.7,黃嘉祺,無
新北市瑞芳區爪峯里,136,500,364,2341,3392,0.7,簡明慧,無
新北市瑞芳區猴硐里,-129,46,175,251,398,0.6,楊志德,無
新北市瑞芳區瑞濱里,-74,230,304,1119,1783,0.6,胡長安,無
新北市瑞芳區瓜山里,-71,18,89,116,161,0.7,張英傑,無
新北市瑞芳區石山里,-86,23,109,171,305,0.6,吳乾正,無
新北市瑞芳區碩仁里,-56,10,66,105,144,0.7,林富萬,無
新北市瑞芳區福住里,-68,16,84,110,156,0.7,蘇進益,無
新北市瑞芳區銅山里,-71,15,86,120,178,0.7,陳嶽生,無
新北市瑞芳區頌德里,-124,23,147,195,301,0.6,林高白梅,無
新北市瑞芳區鼻頭里,-209,85,294,463,801,0.6,王坤吉,無
新北市瑞芳區龍安里,-207,72,279,392,551,0.7,柯瑞和,無
新北市瑞芳區龍山里,-405,192,597,842,1236,0.7,陳志強,時代力量
新北市瑞芳區龍川里,-73,221,294,1031,1497,0.7,賴鴻春,無
新北市瑞芳區龍潭里,-232,87,319,468,673,0.7,陳淑霞,無
新北市瑞芳區龍興里,4,264,260,1271,1800,0.7,黃錫基,無
新北市瑞芳區龍鎮里,-422,148,570,817,1164,0.7,林文清,無
新北市石碇區中民里,-278,92,370,483,690,0.7,郭滄樑,無
新北市石碇區光明里,-105,20,125,189,252,0.8,黃寶緻,無
新北市石碇區彭山里,-125,19,144,189,281,0.7,許建長,無
新北市石碇區格頭里,-361,114,475,689,957,0.7,高國泰,無
新北市石碇區永安里,-351,91,442,539,791,0.7,蕭敏玲,無
新北市石碇區永定里,-275,59,334,368,568,0.6,王金洞,無
新北市石碇區潭邊里,-289,86,375,515,749,0.7,王萬紫,無
新北市石碇區烏塗里,-295,36,331,383,550,0.7,林却,無
新北市石碇區石碇里,-197,40,237,270,362,0.7,王銘勇,無
新北市石碇區豐林里,-111,32,143,216,285,0.8,李煌義,無
新北市石碇區豐田里,-5,38,43,266,352,0.8,陳萬長,無
新北市石碇區隆盛里,-229,63,292,421,630,0.7,謝根林,無
新北市石門區乾華里,-116,28,144,175,270,0.6,曾清松,無
新北市石門區富基里,-477,159,636,867,1264,0.7,曾進興,無
新北市石門區尖鹿里,-583,187,770,944,1369,0.7,邱朝欉,無
新北市石門區山溪里,-287,117,404,577,826,0.7,許阿煌,無
新北市石門區德茂里,-243,140,383,711,1054,0.7,沈素梅,無
新北市石門區石門里,-357,182,539,1015,1441,0.7,劉啟祥,無
新北市石門區老梅里,-128,227,355,1261,1950,0.6,許寶祿,無
新北市石門區茂林里,-174,51,225,376,533,0.7,簡義雄,無
新北市石門區草里里,-314,102,416,588,879,0.7,邱志曉,無
新北市萬里區中幅里,-252,130,382,720,1044,0.7,謝嘉陽,無
新北市萬里區北基里,-234,264,498,1647,2655,0.6,鄧月嬌,中國國民黨
新北市萬里區大鵬里,-3,300,303,1722,2576,0.7,李建才,無
新北市萬里區崁脚里,-128,32,160,260,369,0.7,郭清標,無
新北市萬里區溪底里,-167,60,227,412,613,0.7,吳連財,無
新北市萬里區磺潭里,-200,61,261,374,559,0.7,張宗基,中國國民黨
新北市萬里區萬里里,98,486,388,2843,4112,0.7,王傑倫,無
新北市萬里區野柳里,-106,344,450,2015,3074,0.7,黃長生,無
新北市萬里區雙興里,-290,80,370,670,935,0.7,郭嘉書,無
新北市萬里區龜吼里,-114,305,419,1599,2502,0.6,陳國龍,無
新北市蘆洲區中原里,553,956,403,3775,5245,0.7,陳國連,民主進步黨
新北市蘆洲區中華里,-183,484,667,2039,2802,0.7,蔡宜峰,民主進步黨
新北市蘆洲區中路里,424,633,209,2631,3506,0.8,涂佳綾,無
新北市蘆洲區九芎里,472,870,398,3388,4744,0.7,李茂雄,民主進步黨
新北市蘆洲區仁復里,-293,295,588,1285,1855,0.7,李德勝,無
新北市蘆洲區仁德里,255,874,619,3426,4698,0.7,古佳玉,無
新北市蘆洲區仁愛里,114,848,734,3409,4564,0.7,林宏典,無
新北市蘆洲區仁義里,-182,576,758,2625,4836,0.5,何益銘,無
新北市蘆洲區保佑里,-165,505,670,2276,3210,0.7,李紹和,無
新北市蘆洲區保和里,-54,368,422,1662,2314,0.7,楊總仁,無
新北市蘆洲區保新里,-92,625,717,2470,3476,0.7,黃素秋,無
新北市蘆洲區信義里,-207,580,787,2439,3384,0.7,郭騰芳,無
新北市蘆洲區光明里,60,692,632,2894,4073,0.7,陳文良,民主進步黨
新北市蘆洲區光華里,140,807,667,3311,4657,0.7,李鵬毅,無
新北市蘆洲區南港里,162,904,742,3587,5003,0.7,王珠香,無
新北市蘆洲區延平里,32,699,667,2677,3617,0.7,張明德,民主進步黨
新北市蘆洲區得仁里,-55,454,509,1961,2603,0.8,曾敏明,無
新北市蘆洲區得勝里,-238,431,669,2061,2943,0.7,蔡志選,無
新北市蘆洲區復興里,-192,517,709,2235,3075,0.7,李源泉,無
新北市蘆洲區忠孝里,30,360,330,1526,2084,0.7,徐茂集,無
新北市蘆洲區忠義里,-187,524,711,2037,2805,0.7,杜芝蓮,無
新北市蘆洲區恆德里,304,894,590,3803,5334,0.7,李常孝,無
新北市蘆洲區成功里,574,1185,611,4659,6508,0.7,林德義,無
新北市蘆洲區樓厝里,375,1076,701,4311,5826,0.7,李煒寅,無
新北市蘆洲區樹德里,-180,476,656,2062,2781,0.7,李芳龍,無
新北市蘆洲區正義里,1786,2463,677,8893,11731,0.8,林志修,無
新北市蘆洲區民和里,-37,381,418,1671,2309,0.7,李進誠,中國國民黨
新北市蘆洲區水河里,1130,1451,321,5880,8159,0.7,李文發,無
新北市蘆洲區水湳里,1116,1737,621,6675,9199,0.7,吳松標,無
新北市蘆洲區永安里,225,770,545,3260,4513,0.7,李建興,無
新北市蘆洲區永康里,456,1107,651,4229,5881,0.7,林世峯,無
新北市蘆洲區永德里,266,757,491,2792,3918,0.7,陳宥安,無
新北市蘆洲區永樂里,503,1023,520,3874,5273,0.7,李麗文,無
新北市蘆洲區溪墘里,-35,428,463,2022,2702,0.7,李永芳,無
新北市蘆洲區玉清里,647,916,269,3791,5178,0.7,陳義斌,無
新北市蘆洲區福安里,-46,497,543,2033,2751,0.7,李文義,無
新北市蘆洲區長安里,218,778,560,3101,4498,0.7,王彥貴,無
新北市蘆洲區鷺江里,432,863,431,3490,4718,0.7,周中堅,無
新北市貢寮區仁里里,-111,171,282,1036,1605,0.6,紀志樺,無
新北市貢寮區吉林里,-229,33,262,292,441,0.7,簡束卿,無
新北市貢寮區和美里,-75,72,147,563,923,0.6,吳金發,無
新北市貢寮區真理里,-99,138,237,1120,1884,0.6,趙瑞昌,無
新北市貢寮區福連里,-23,80,103,533,849,0.6,吳文益,無
新北市貢寮區福隆里,-172,130,302,916,1512,0.6,吳憲彰,無
新北市貢寮區美豐里,-89,45,134,449,679,0.7,周貝芳,無
新北市貢寮區貢寮里,-278,58,336,441,731,0.6,楊張翠華,無
新北市貢寮區雙玉里,-100,60,160,378,591,0.6,吳永彬,無
新北市貢寮區龍崗里,-169,28,197,216,373,0.6,黃朝銘,無
新北市貢寮區龍門里,-204,40,244,388,600,0.6,吳世揚,無
新北市金山區三界里,-140,69,209,420,592,0.7,許添坤,無
新北市金山區五湖里,-69,230,299,1135,1589,0.7,李文俊,無
新北市金山區兩湖里,-181,41,222,268,375,0.7,張金火,無
新北市金山區六股里,-177,55,232,449,635,0.7,鐘鼎平,無
新北市金山區和平里,-171,52,223,300,422,0.7,張文輝,無
新北市金山區大同里,-202,71,273,428,655,0.7,許振煌,無
新北市金山區永興里,-160,45,205,345,534,0.6,許瑞林,無
新北市金山區清泉里,-336,83,419,504,762,0.7,陳麗蘭,無
新北市金山區磺港里,-279,164,443,1089,1633,0.7,許明熙,無
新北市金山區美田里,173,565,392,2607,3739,0.7,何文發,無
新北市金山區萬壽里,-125,46,171,288,426,0.7,劉正行,無
新北市金山區西湖里,-95,18,113,124,163,0.8,賴聰明,無
新北市金山區豐漁里,-183,53,236,321,491,0.7,許吉興,無
新北市金山區重和里,-387,119,506,725,1119,0.6,賴蔡標,無
新北市金山區金美里,186,639,453,3293,4851,0.7,蔡龍豪,無
新北市雙溪區三港里,-93,25,118,209,316,0.7,康俐瑩,無
新北市雙溪區三貂里,-123,35,158,217,340,0.6,連建昌,無
新北市雙溪區上林里,-246,51,297,391,551,0.7,簡德福,中國國民黨
新北市雙溪區共和里,-120,26,146,216,331,0.7,李蓁芳,無
新北市雙溪區外柑里,-127,35,162,235,380,0.6,楊文定,無
新北市雙溪區平林里,-46,81,127,549,788,0.7,黃添松,無
新北市雙溪區新基里,-134,67,201,466,687,0.7,蘇虹如,無
新北市雙溪區泰平里,-196,134,330,732,1125,0.7,方敏珍,無
新北市雙溪區牡丹里,-119,117,236,833,1339,0.6,連隆盛,無
新北市雙溪區長源里,-154,26,180,200,335,0.6,陳資郎,無
新北市雙溪區雙溪里,-186,51,237,287,408,0.7,盧燈煌,無
新北市雙溪區魚行里,-100,63,163,424,614,0.7,曹拯民,無
新北市鶯歌區中湖里,609,806,197,3340,4852,0.7,吳麗卿,無
新北市鶯歌區中鶯里,-219,125,344,659,866,0.8,蘇朝明,無
新北市鶯歌區二橋里,650,1277,627,5271,7368,0.7,李金量,無
新北市鶯歌區二甲里,-327,117,444,613,822,0.7,林水土,無
新北市鶯歌區北鶯里,144,583,439,2513,3798,0.7,李松進,無
新北市鶯歌區南靖里,43,482,439,2230,3060,0.7,吳金定,無
新北市鶯歌區南鶯里,125,763,638,3499,4812,0.7,李明弘,無
新北市鶯歌區同慶里,-302,214,516,994,1326,0.7,張素燕,無
新北市鶯歌區大湖里,153,660,507,3200,4368,0.7,蕭鈴玉,無
新北市鶯歌區尖山里,804,1523,719,5830,8224,0.7,陳怡潔,無
新北市鶯歌區建國里,489,1064,575,4305,6076,0.7,林清得,無
新北市鶯歌區建德里,-229,75,304,388,503,0.8,林真達,無
新北市鶯歌區東湖里,-129,30,159,201,241,0.8,呂阿添,中華統一促進黨
新北市鶯歌區東鶯里,-221,148,369,677,925,0.7,陳陸賀,無
新北市鶯歌區永吉里,242,680,438,3017,4126,0.7,林茂哲,無
新北市鶯歌區永昌里,675,1200,525,5035,6998,0.7,游武雄,無
新北市鶯歌區西鶯里,-231,309,540,1441,1973,0.7,蘇炳輝,無
新北市鶯歌區鳳祥里,98,593,495,2588,3726,0.7,曾勝利,無
新北市鶯歌區鳳福里,415,755,340,2953,4122,0.7,簡騰源,無
新北市鶯歌區鳳鳴里,310,1229,919,4139,5815,0.7,陳芷柔,無
