村里,2024-2022,2024民眾黨,2022村里長得票,2024投票數,2024選舉人數,2024投票率,里長姓名,里長政黨
新北市三峽區三峽里,-136,30,166,210,263,79.85,黃宗祥,無
新北市三峽區中埔里,46,565,519,1079,1493,72.27,翁聖濰,無
新北市三峽區中正里,95,766,671,1062,1503,70.66,陳志泉,無
新北市三峽區二鬮里,-168,486,654,1137,1587,71.64,陳孝皇,中國國民黨
新北市三峽區五寮里,-169,69,238,496,739,67.12,王金生,無
新北市三峽區介壽里,505,978,473,1015,1490,68.12,周梓亭,無
新北市三峽區八張里,10,593,583,725,972,74.59,謝麗玲,無
新北市三峽區嘉添里,-216,229,445,726,1039,69.87,李萬興,無
新北市三峽區大埔里,63,512,449,775,1162,66.70,陳永清,中國國民黨
新北市三峽區安坑里,-346,142,488,846,1229,68.84,李秋維,中國國民黨
新北市三峽區安溪里,689,1206,517,867,1296,66.90,王曼甄,無
新北市三峽區弘道里,-311,150,461,672,974,68.99,陳錦桐,無
新北市三峽區成福里,-361,120,481,648,820,79.02,蔡文敏,無
新北市三峽區插角里,-180,39,219,438,613,71.45,劉添財,無
新北市三峽區有木里,-291,57,348,423,646,65.48,胡幸姍,無
新北市三峽區永舘里,247,951,704,942,1301,72.41,蘇正國,無
新北市三峽區添福里,-473,133,606,693,972,71.30,陳秉源,無
新北市三峽區溪北里,-190,301,491,489,728,67.17,林清明,無
新北市三峽區溪南里,-582,171,753,1012,1335,75.81,蘇伯聰,無
新北市三峽區溪東里,-139,371,510,915,1342,68.18,陳錫遠,無
新北市三峽區礁溪里,253,898,645,1050,1417,74.10,周志鴻,無
新北市三峽區秀川里,-213,86,299,407,562,72.42,李楷瑞,無
新北市三峽區竹崙里,-283,185,468,460,703,65.43,張博勇,無
新北市三峽區金圳里,-189,34,223,310,457,67.83,邱金菊,無
新北市三峽區鳶山里,774,1423,649,1010,1394,72.45,周文美,中國國民黨
新北市三峽區龍埔里,1073,1575,502,1038,1528,67.93,陳椿瑩,無
新北市三峽區龍學里,1876,2292,416,1214,1664,72.96,周秀鳳,無
新北市三峽區龍恩里,539,1120,581,1165,1623,71.78,黃家賢,無
新北市三芝區八賢里,-119,32,151,205,303,67.66,楊振蜂,無
新北市三芝區古庄里,-309,117,426,743,1143,65.00,葉秋蓮,無
新北市三芝區圓山里,-193,72,265,355,498,71.29,葉泓志,無
新北市三芝區埔坪里,316,825,509,841,1280,65.70,曾玉珍,無
新北市三芝區埔頭里,237,697,460,825,1190,69.33,簡錦隆,無
新北市三芝區店子里,-138,71,209,383,539,71.06,戴文福,無
新北市三芝區後厝里,-87,222,309,571,821,69.55,楊秀彥,中國國民黨
新北市三芝區新庄里,-204,70,274,528,754,70.03,林文章,無
新北市三芝區橫山里,-119,32,151,334,465,71.83,黃麗玲,無
新北市三芝區福德里,-284,99,383,509,735,69.25,郭萬和,中國國民黨
新北市三芝區興華里,-454,140,594,791,1135,69.69,杜國偵,無
新北市三芝區茂長里,-270,68,338,449,594,75.59,林雙喜,無
新北市三芝區錫板里,-306,68,374,449,616,72.89,陳燕國,無
新北市三重區三安里,-104,341,445,794,1109,71.60,蔡政宗,無
新北市三重區三民里,-103,485,588,1025,1395,73.48,謝素玲,無
新北市三重區中央里,-241,250,491,1194,1627,73.39,馮珮媗,無
新北市三重區中山里,31,377,346,864,1175,73.53,黃弘毅,無
新北市三重區中正里,-171,189,360,924,1219,75.80,藍文龍,無
新北市三重區中民里,-229,147,376,804,1077,74.65,許滄敏,無
新北市三重區中興里,83,559,476,1494,1936,77.17,林深泉,無
新北市三重區二重里,-428,234,662,1024,1403,72.99,吳淑貞,無
新北市三重區五常里,848,1269,421,1461,1954,74.77,林忠諺,民主進步黨
新北市三重區五福里,-46,538,584,699,982,71.18,李福山,無
新北市三重區五華里,269,753,484,1070,1457,73.44,楊志評,無
新北市三重區五谷里,-57,300,357,626,850,73.65,張振隆,無
新北市三重區五順里,140,541,401,765,1118,68.43,洪文珍,無
新北市三重區仁德里,-31,240,271,631,874,72.20,陳明志,無
新北市三重區仁忠里,-65,447,512,997,1486,67.09,黃演添,無
新北市三重區仁義里,-197,206,403,887,1245,71.24,林武雄,無
新北市三重區仁華里,-151,650,801,790,1026,77.00,洪國林,無
新北市三重區介壽里,-191,161,352,736,1013,72.66,林志祥,無
新北市三重區信安里,-569,277,846,1244,1767,70.40,江政洋,無
新北市三重區光明里,373,1111,738,948,1383,68.55,李政達,無
新北市三重區光榮里,-441,193,634,919,1275,72.08,劉進明,無
新北市三重區光正里,-150,418,568,936,1250,74.88,陳志賢,無
新北市三重區光田里,-19,663,682,969,1310,73.97,吳勝文,無
新北市三重區光華里,57,336,279,782,1065,73.43,林軍道,民主進步黨
新北市三重區光輝里,-493,199,692,970,1286,75.43,吳松春,中國國民黨
新北市三重區光陽里,315,1004,689,1485,1928,77.02,江燕輝,無
新北市三重區六合里,-181,518,699,1135,1589,71.43,許萬金,無
新北市三重區六福里,439,838,399,863,1202,71.80,洪順亮,無
新北市三重區博愛里,227,620,393,964,1313,73.42,范玉琦,無
新北市三重區厚德里,73,535,462,1156,1519,76.10,沈世隆,無
新北市三重區吉利里,-367,187,554,859,1263,68.01,陳金星,無
新北市三重區同安里,-358,196,554,855,1239,69.01,陳首清,無
新北市三重區同慶里,-546,275,821,1140,1560,73.08,張絮淳,無
新北市三重區國隆里,-100,478,578,886,1161,76.31,傅孫昇,無
新北市三重區培德里,17,517,500,1161,1552,74.81,盧姿貝,無
新北市三重區大同里,-231,294,525,1305,1811,72.06,林汝聰,無
新北市三重區大園里,-96,417,513,831,1148,72.39,李宗霖,無
新北市三重區大安里,-181,252,433,1071,1461,73.31,羅家林,無
新北市三重區大德里,-170,133,303,543,729,74.49,陳素櫻,民主進步黨
新北市三重區大有里,273,808,535,884,1182,74.79,鐘林美珠,無
新北市三重區奕壽里,-274,227,501,1087,1484,73.25,周政宏,無
新北市三重區安慶里,-126,298,424,656,899,72.97,林金兩,無
新北市三重區富福里,-161,287,448,574,837,68.58,陳惟國,無
新北市三重區富華里,12,479,467,1002,1373,72.98,宋美滿,無
新北市三重區富貴里,132,1042,910,1329,1871,71.03,胡天龍,無
新北市三重區尚德里,-55,404,459,1130,1533,73.71,許朝順,無
新北市三重區崇德里,93,501,408,889,1165,76.31,吳芳明,無
新北市三重區平和里,-478,212,690,1011,1399,72.27,黃進行,無
新北市三重區幸福里,104,614,510,992,1436,69.08,郭冬賜,無
新北市三重區德厚里,-59,141,200,498,644,77.33,李燕清,無
新北市三重區忠孝里,-444,272,716,1170,1584,73.86,劉子毓,無
新北市三重區慈化里,-50,370,420,680,964,70.54,張清泉,無
新北市三重區慈惠里,-275,338,613,673,885,76.05,蔡清德,無
新北市三重區慈愛里,176,463,287,1149,1555,73.89,謝粘瑞花,無
新北市三重區慈生里,-84,314,398,692,950,72.84,吳瓊茹,無
新北市三重區慈祐里,281,706,425,1127,1548,72.80,謝豪能,無
新北市三重區慈福里,-198,305,503,609,832,73.20,邱茂泉,無
新北市三重區成功里,664,1261,597,903,1184,76.27,許玉娟,無
新北市三重區承德里,-591,252,843,1146,1543,74.27,吳政權,無
新北市三重區文化里,34,287,253,746,989,75.43,陳福勝,無
新北市三重區正安里,-605,260,865,1230,1665,73.87,高素梅,無
新北市三重區正德里,-294,122,416,717,972,73.77,賴樹林,無
新北市三重區正義里,-523,254,777,1129,1539,73.36,黃烈山,無
新北市三重區民生里,161,556,395,825,1122,73.53,陳海順,民主進步黨
新北市三重區永吉里,37,412,375,954,1250,76.32,劉蕙瑩,無
新北市三重區永安里,-42,575,617,1348,1858,72.55,黃麗伃,無
新北市三重區永德里,227,669,442,991,1354,73.19,陳冠霖,無
新北市三重區永春里,-292,259,551,1201,1605,74.83,陳虹蓁,無
新北市三重區永清里,272,786,514,1118,1527,73.22,吳瑞發,無
新北市三重區永煇里,34,364,330,855,1135,75.33,黃志明,無
新北市三重區永發里,2,875,873,1295,1697,76.31,陳綉娜,無
新北市三重區永盛里,-139,459,598,942,1309,71.96,侯錦足,無
新北市三重區永福里,62,697,635,984,1303,75.52,呂宜興,無
新北市三重區永興里,-474,209,683,977,1336,73.13,李金壖,無
新北市三重區永豐里,128,818,690,1115,1545,72.17,黃冬茂,民主進步黨
新北市三重區永順里,115,774,659,913,1292,70.67,許嘉陣,無
新北市三重區清和里,-255,628,883,1399,1875,74.61,楊乾坤,無
新北市三重區溪美里,696,1356,660,889,1156,76.90,葉仁德,無
新北市三重區瑞德里,-145,310,455,708,989,71.59,陳仕宏,無
新北市三重區田中里,190,815,625,931,1231,75.63,詹貴洪,無
新北市三重區田安里,221,922,701,1204,1613,74.64,陳黃秀美,無
新北市三重區田心里,163,590,427,893,1190,75.04,蔡雪姮,無
新北市三重區碧華里,716,1419,703,911,1286,70.84,林佳鴻,無
新北市三重區福利里,-140,368,508,824,1072,76.87,劉佩華,無
新北市三重區福安里,-210,449,659,983,1324,74.24,施正通,無
新北市三重區福德里,-234,579,813,1289,1722,74.85,吳叁寶,無
新北市三重區福星里,-369,196,565,823,1092,75.37,紀信助,無
新北市三重區福樂里,-267,553,820,1098,1559,70.43,蘇修賢,民主進步黨
新北市三重區福民里,-188,407,595,1056,1461,72.28,林麗枝,民主進步黨
新北市三重區福田里,-19,564,583,1104,1430,77.20,林清圳,無
新北市三重區福祉里,373,924,551,940,1249,75.26,陳天森,無
新北市三重區福隆里,314,719,405,954,1318,72.38,曾嘉斌,無
新北市三重區秀江里,-363,150,513,756,1082,69.87,陳貴美,無
新北市三重區立德里,-40,511,551,988,1292,76.47,陳金城,無
新北市三重區維德里,-122,431,553,993,1277,77.76,姚振芳,無
新北市三重區自強里,-557,247,804,1143,1592,71.80,王鴻賓,無
新北市三重區菜寮里,-192,299,491,761,1049,72.55,梁進益,無
新北市三重區萬壽里,-158,280,438,584,842,69.36,袁翠蘭,無
新北市三重區谷王里,-167,323,490,1226,1594,76.91,莊健昌,無
新北市三重區過田里,645,953,308,1245,4711,26.43,林鳳秋,無
新北市三重區重新里,-236,219,455,1039,1348,77.08,柯又方,無
新北市三重區重明里,-277,548,825,1082,1458,74.21,蔡淑玲,無
新北市三重區重陽里,109,513,404,1158,1566,73.95,陳興農,無
新北市三重區錦安里,20,246,226,590,800,73.75,朱志平,無
新北市三重區錦江里,47,332,285,737,1027,71.76,江茂隆,無
新北市三重區錦田里,27,295,268,784,1047,74.88,陳金來,無
新北市三重區錦通里,-453,180,633,949,1279,74.20,林煒財,無
新北市三重區長元里,-172,374,546,754,1051,71.74,梁聰明,無
新北市三重區長安里,-189,258,447,570,884,64.48,李宗烈,無
新北市三重區長江里,-152,288,440,606,823,73.63,唐明聰,無
新北市三重區長泰里,-145,304,449,778,1082,71.90,陳文禮,無
新北市三重區長生里,-114,127,241,578,803,71.98,王阿育,無
新北市三重區長福里,-440,218,658,1020,1392,73.28,林壽,無
新北市三重區開元里,-451,271,722,1135,1512,75.07,潘素珍,無
新北市三重區雙園里,-269,137,406,606,826,73.37,藍裕舜,無
新北市三重區頂崁里,-26,416,442,848,1145,74.06,郭文屏,無
新北市三重區順德里,-134,305,439,752,1044,72.03,李鴻志,無
新北市三重區龍濱里,-270,520,790,1009,1333,75.69,曾添發,無
新北市三重區龍門里,-247,281,528,1193,1678,71.10,吳献彰,無
新北市中和區中原里,1067,1584,517,1229,1603,76.67,鄧熙彥,無
新北市中和區中安里,-140,600,740,1025,1341,76.44,李謙國,中國國民黨
新北市中和區中山里,31,360,329,884,1178,75.04,江雪嬌,無
新北市中和區中正里,51,540,489,1243,1702,73.03,李銀花,無
新北市中和區中興里,383,1026,643,1066,1442,73.93,游志鴻,中國國民黨
新北市中和區仁和里,-95,570,665,806,1127,71.52,林達,無
新北市中和區佳和里,254,700,446,1086,1484,73.18,陳得福,中國國民黨
新北市中和區信和里,-91,570,661,813,1091,74.52,許泰銘,無
新北市中和區內南里,15,664,649,981,1355,72.40,曾金禧,中國國民黨
新北市中和區冠穗里,28,489,461,1192,1538,77.50,鄭經美,中國國民黨
新北市中和區力行里,298,924,626,1437,1894,75.87,周聰明,中國國民黨
新北市中和區南山里,-46,737,783,1216,1610,75.53,紀忠和,中國國民黨
新北市中和區吉興里,-168,433,601,972,1318,73.75,陳成功,無
新北市中和區和興里,45,574,529,776,995,77.99,蔡璧如,無
新北市中和區員富里,-313,565,878,1031,1408,73.22,蔡宗霖,無
新北市中和區員山里,534,955,421,952,1273,74.78,藍國鐘,無
新北市中和區嘉慶里,78,623,545,787,1131,69.58,吳永華,無
新北市中和區嘉新里,-222,578,800,1204,1689,71.28,林后福,無
新北市中和區嘉穗里,-26,387,413,1124,1441,78.00,吳有參,無
新北市中和區國光里,-340,562,902,1223,1622,75.40,蘇俊琦,無
新北市中和區國華里,17,456,439,922,1196,77.09,童宥翔,無
新北市中和區壽南里,8,326,318,817,1101,74.21,呂武雄,中國國民黨
新北市中和區壽德里,124,594,470,1045,1348,77.52,張宗正,中國國民黨
新北市中和區外南里,257,668,411,1020,1345,75.84,連顯達,中國國民黨
新北市中和區安和里,-59,374,433,963,1295,74.36,呂理宏,無
新北市中和區安平里,182,825,643,1374,1768,77.71,林芳飾,中國國民黨
新北市中和區安樂里,14,506,492,976,1263,77.28,呂福來,中國國民黨
新北市中和區安穗里,232,663,431,967,1280,75.55,周靜萱,無
新北市中和區安順里,85,530,445,851,1100,77.36,王雪秋,中國國民黨
新北市中和區宜安里,-446,295,741,1358,1791,75.82,陳素貞,中國國民黨
新北市中和區崇南里,220,625,405,1107,1473,75.15,鄭茂盛,中國國民黨
新北市中和區平河里,712,1417,705,1189,1606,74.03,黃湘雲,無
新北市中和區廟美里,177,594,417,890,1211,73.49,鄭鈞瑋,中國國民黨
新北市中和區建和里,-253,503,756,1204,1578,76.30,江曉佩,中國國民黨
新北市中和區復興里,-9,650,659,1105,1522,72.60,尤敏玉,無
新北市中和區德穗里,-33,597,630,985,1343,73.34,詹文定,中國國民黨
新北市中和區德行里,271,1045,774,1060,1453,72.95,陳靜宜,中國國民黨
新北市中和區忠孝里,199,602,403,996,1357,73.40,呂秋東,中國國民黨
新北市中和區文元里,-23,656,679,1015,1419,71.53,吳欣怡,無
新北市中和區新南里,319,1135,816,1033,1435,71.99,申文博,中國國民黨
新北市中和區明德里,81,518,437,750,1009,74.33,羅健容,無
新北市中和區明穗里,52,629,577,919,1203,76.39,何韋翰,無
新北市中和區景南里,-446,229,675,892,1272,70.13,胡宇辰,中國國民黨
新北市中和區景安里,228,706,478,734,932,78.76,游任是,中國國民黨
新北市中和區景平里,562,848,286,893,1153,77.45,游一龍,中國國民黨
新北市中和區景文里,-134,619,753,1366,1743,78.37,林東銘,中國國民黨
新北市中和區景新里,-270,442,712,1145,1535,74.59,游成家,中國國民黨
新北市中和區景本里,-215,263,478,608,809,75.15,張林秀麗,無
新北市中和區景福里,119,842,723,1410,1947,72.42,王坤茂,中國國民黨
新北市中和區東南里,56,472,416,757,1074,70.48,李武雄,中國國民黨
新北市中和區枋寮里,-228,515,743,1207,1626,74.23,羅仕滄,中國國民黨
新北市中和區橫路里,-126,51,177,236,300,78.67,呂星輝,中國國民黨
新北市中和區正南里,27,422,395,1114,1602,69.54,游滿堂,中國國民黨
新北市中和區正行里,-231,413,644,858,1147,74.80,陳盈君,無
新北市中和區民享里,-183,350,533,793,1014,78.21,簡美蓮,無
新北市中和區民安里,-61,779,840,1081,1462,73.94,張金鳳,無
新北市中和區民有里,-69,402,471,877,1150,76.26,謝清炎,無
新北市中和區民生里,184,584,400,1328,1738,76.41,朱朝鶯,無
新北市中和區泰安里,3,458,455,800,1098,72.86,葉玉伴,中國國民黨
新北市中和區清穗里,-31,448,479,1102,1443,76.37,沈彥國,無
新北市中和區漳和里,-305,478,783,1222,1657,73.75,劉建盛,無
新北市中和區灰磘里,-218,118,336,493,672,73.36,林鑫宏,無
新北市中和區瑞穗里,-271,280,551,827,1086,76.15,陳美華,中國國民黨
新北市中和區瓦磘里,326,768,442,1134,1582,71.68,許宇揚,無
新北市中和區碧河里,-14,835,849,1308,1672,78.23,賴清華,無
新北市中和區福南里,293,537,244,952,1289,73.86,邱淑芬,無
新北市中和區福和里,-124,436,560,659,928,71.01,簡健翔,無
新北市中和區福善里,13,612,599,840,1140,73.68,陳愷松,中國國民黨
新北市中和區福真里,-271,572,843,1407,1901,74.01,蔡昭發,無
新北市中和區福祥里,168,765,597,1023,1299,78.75,張昌期,無
新北市中和區福美里,207,622,415,888,1103,80.51,梁迪文,無
新北市中和區秀仁里,-182,464,646,1042,1413,73.74,陳慶章,中國國民黨
新北市中和區秀士里,18,358,340,743,1050,70.76,洪易松,中國國民黨
新北市中和區秀山里,-20,608,628,958,1279,74.90,林秋宇,中國國民黨
新北市中和區秀峰里,34,741,707,812,1076,75.46,周存炎,中國國民黨
新北市中和區秀成里,-299,444,743,1049,1380,76.01,吳金松,中國國民黨
新北市中和區秀明里,122,668,546,1066,1432,74.44,施義男,中國國民黨
新北市中和區秀景里,255,864,609,1245,1680,74.11,李淙河,中國國民黨
新北市中和區秀水里,79,479,400,864,1155,74.81,陳炳男,無
新北市中和區秀福里,-85,661,746,1086,1468,73.98,林江西,無
新北市中和區秀義里,34,373,339,965,1282,75.27,張文亮,無
新北市中和區積穗里,694,1329,635,1106,1489,74.28,陳致廷,無
新北市中和區自強里,294,701,407,1102,1497,73.61,張興順,無
新北市中和區興南里,-41,399,440,1007,1358,74.15,呂明志,中國國民黨
新北市中和區華南里,92,668,576,1155,1565,73.80,林平發,中國國民黨
新北市中和區華新里,585,1099,514,1022,1444,70.78,楊錦煌,無
新北市中和區連和里,-86,378,464,713,952,74.89,朱榮凱,中國國民黨
新北市中和區連城里,435,967,532,1303,1689,77.15,林仁凱,中國國民黨
新北市中和區錦中里,-66,595,661,859,1159,74.12,范榮豐,無
新北市中和區錦和里,28,779,751,1165,1472,79.14,林進明,無
新北市中和區錦昌里,-40,361,401,717,968,74.07,邱尾玟,中國國民黨
新北市中和區錦盛里,32,570,538,1213,1668,72.72,林建全,無
新北市中和區頂南里,-305,393,698,865,1172,73.81,謝森儒,中國國民黨
新北市五股區五福里,17,508,491,1063,1458,72.91,林郁靜,無
新北市五股區五股里,26,556,530,770,1536,50.13,陳蔡燕女,無
新北市五股區五龍里,-488,138,626,858,1177,72.90,陳燕山,無
新北市五股區六福里,26,587,561,1209,1737,69.60,謝從慧,無
新北市五股區德泰里,218,669,451,860,1239,69.41,林永賢,無
新北市五股區德音里,274,902,628,1284,1776,72.30,洪世欣,無
新北市五股區成功里,932,1599,667,1141,1544,73.90,簡銘信,無
新北市五股區成州里,432,915,483,1013,1487,68.12,陳林益,無
新北市五股區成德里,54,480,426,1040,1484,70.08,陳次芬,無
新北市五股區成泰里,1684,2291,607,1005,1368,73.46,潘明宏,無
新北市五股區更寮里,-134,161,295,766,1042,73.51,陳仁益,無
新北市五股區民義里,-248,539,787,999,1413,70.70,陳添福,無
新北市五股區水碓里,691,1210,519,962,1406,68.42,邱江永,無
新北市五股區福德里,64,506,442,1037,1442,71.91,楊少芃,無
新北市五股區興珍里,261,658,397,981,1348,72.77,黃朝枝,無
新北市五股區觀音里,-237,152,389,838,1205,69.54,陳金全,無
新北市五股區貿商里,-64,406,470,979,1270,77.09,蕭明霞,中國國民黨
新北市五股區陸一里,81,329,248,838,1107,75.70,王進和,無
新北市五股區集福里,370,550,180,1152,1616,71.29,葉玉芳,無
新北市五股區集賢里,173,683,510,1016,1340,75.82,陳文賓,無
新北市八里區下罟里,-532,241,773,1058,1443,73.32,汪金傳,無
新北市八里區埤頭里,291,702,411,946,1357,69.71,曾志國,無
新北市八里區大崁里,170,500,330,712,1010,70.50,林秀眞,無
新北市八里區米倉里,279,573,294,805,1172,68.69,張恆,無
新北市八里區舊城里,479,1009,530,954,1372,69.53,陳天發,無
新北市八里區荖阡里,-492,250,742,1093,1600,68.31,楊萬福,無
新北市八里區訊塘里,340,815,475,858,1134,75.66,張金貴,無
新北市八里區長坑里,-546,210,756,1031,1459,70.66,洪煜豪,無
新北市八里區頂罟里,-8,328,336,765,1096,69.80,洪志成,無
新北市八里區龍源里,418,992,574,1018,1474,69.06,林俊德,無
新北市土城區中正里,36,519,483,1113,1474,75.51,呂聰成,無
新北市土城區員仁里,318,817,499,946,1307,72.38,洪永富,無
新北市土城區員信里,131,644,513,906,1247,72.65,杜萬來,無
新北市土城區員林里,1029,1581,552,984,1384,71.10,蔡黃地,無
新北市土城區員福里,549,783,234,873,1228,71.09,黃崇煒,無
新北市土城區土城里,-108,264,372,699,948,73.73,徐信榮,無
新北市土城區埤塘里,47,529,482,768,2712,28.32,邱顯俊,無
新北市土城區埤林里,626,1302,676,1139,1484,76.75,蔡志紅,無
新北市土城區大安里,274,715,441,885,1212,73.02,張俊隆,無
新北市土城區學士里,37,727,690,1016,1387,73.25,黃榮葵,中國國民黨
新北市土城區學府里,-120,515,635,1145,1523,75.18,宮敬家,無
新北市土城區學成里,-97,522,619,1010,1313,76.92,戴有利,無
新北市土城區安和里,168,792,624,1088,1421,76.57,古秋源,無
新北市土城區峯廷里,575,983,408,891,1265,70.43,林献章,無
新北市土城區平和里,612,1050,438,1012,1424,71.07,戴文龍,無
新北市土城區廣福里,120,828,708,1177,1617,72.79,丁科秀,無
新北市土城區廣興里,-76,570,646,1175,1562,75.22,張淑玲,中國國民黨
新北市土城區延吉里,81,556,475,800,1154,69.32,楊季堂,無
新北市土城區延和里,317,979,662,1125,1526,73.72,黃富源,無
新北市土城區延壽里,32,550,518,897,1217,73.71,滕月蘭,無
新北市土城區延祿里,104,563,459,912,1319,69.14,周婕,無
新北市土城區廷寮里,35,710,675,940,1247,75.38,李月嬌,無
新北市土城區復興里,240,645,405,808,1157,69.84,潘祝惠,無
新北市土城區日和里,894,1280,386,1254,1582,79.27,李福源,無
新北市土城區日新里,-25,618,643,953,1304,73.08,吳信坪,無
新北市土城區明德里,533,1074,541,1131,1485,76.16,呂理民,無
新北市土城區柑林里,250,776,526,807,1111,72.64,張育誠,無
新北市土城區樂利里,266,701,435,1139,1508,75.53,黃銀片,無
新北市土城區永富里,188,880,692,1153,1640,70.30,黃思儀,無
新北市土城區永寧里,749,1221,472,1045,1477,70.75,周清芳,無
新北市土城區永豐里,28,664,636,881,1220,72.21,黃榮沐,無
新北市土城區沛陂里,293,733,440,1022,1396,73.21,王金芬,無
新北市土城區清化里,-431,210,641,1024,1440,71.11,袁慧如,無
新北市土城區清和里,492,858,366,872,1267,68.82,郭真好,無
新北市土城區清水里,579,1148,569,839,1235,67.94,江純文,無
新北市土城區清溪里,303,961,658,1009,1431,70.51,彭兆鵬,無
新北市土城區瑞興里,-89,411,500,919,1270,72.36,蔡萬合,無
新北市土城區祖田里,-438,237,675,1048,1452,72.18,呂惠美,無
新北市土城區裕生里,360,741,381,787,1066,73.83,楊忠富,無
新北市土城區貨饒里,449,740,291,1021,1429,71.45,周根本,無
新北市土城區金城里,414,953,539,886,1261,70.26,黃郁惠,無
新北市土城區長風里,-220,263,483,666,845,78.82,石忠利,中國國民黨
新北市土城區青山里,81,425,344,1006,1339,75.13,姚韋華,無
新北市土城區青雲里,20,634,614,1251,1667,75.04,廖特青,無
新北市土城區頂埔里,76,699,623,986,1373,71.81,林忠謀,無
新北市土城區頂新里,-143,491,634,978,1311,74.60,許元皇,無
新北市土城區頂福里,-25,749,774,1022,1468,69.62,顏義信,無
新北市坪林區上德里,-191,84,275,206,334,61.68,陳金山,無
新北市坪林區坪林里,-290,144,434,893,1247,71.61,陳錦發,無
新北市坪林區大林里,-376,107,483,763,1085,70.32,李秋勝,無
新北市坪林區水德里,-144,64,208,481,642,74.92,鐘國賓,無
新北市坪林區漁光里,-137,44,181,248,384,64.58,白珮嫺,無
新北市坪林區石𥕢里,-100,38,138,264,406,65.02,鐘清良,無
新北市坪林區粗窟里,-38,85,123,396,573,69.11,李志忠,無
新北市平溪區十分里,-222,52,274,481,768,62.63,王瑞麟,無
新北市平溪區南山里,-153,28,181,206,312,66.03,林再來,無
新北市平溪區嶺腳里,-261,47,308,321,557,57.63,陳銘哲,無
新北市平溪區平湖里,-77,21,98,114,152,75.00,林燈源,無
新北市平溪區平溪里,-105,20,125,139,219,63.47,高文城,無
新北市平溪區新寮里,-89,8,97,101,143,70.63,胡兩泉,無
新北市平溪區望古里,-76,17,93,97,149,65.10,林寶玫,無
新北市平溪區東勢里,-194,19,213,279,403,69.23,李明宏,無
新北市平溪區白石里,-96,21,117,161,217,74.19,賴明焜,無
新北市平溪區石底里,-181,38,219,273,375,72.80,楊鄭財,無
新北市平溪區菁桐里,-77,19,96,149,227,65.64,胡秀金,無
新北市平溪區薯榔里,-170,29,199,223,341,65.40,潘隆裕,無
新北市新店區下城里,-263,359,622,956,1412,67.71,廖瓊瑤,無
新北市新店區中央里,161,743,582,1075,1423,75.54,楊友琪,無
新北市新店區中山里,313,1093,780,1848,2374,77.84,潘威志,無
新北市新店區中正里,448,752,304,1028,1382,74.38,辜鳳琴,中國國民黨
新北市新店區中興里,514,759,245,914,1199,76.23,林騰彬,無
新北市新店區中華里,-26,568,594,943,1269,74.31,邱湘羚,無
新北市新店區五峯里,502,1007,505,883,1205,73.28,陳淑美,中國國民黨
新北市新店區仁愛里,-79,233,312,683,909,75.14,蔡伯健,中國國民黨
新北市新店區信義里,184,849,665,1114,1470,75.78,林木己,中國國民黨
新北市新店區公崙里,1419,2045,626,948,1289,73.55,游炎嵐,中國國民黨
新北市新店區吉祥里,305,624,319,875,1210,72.31,林永輝,中國國民黨
新北市新店區和平里,-108,242,350,437,622,70.26,閻培樞,中國國民黨
新北市新店區員潭里,422,693,271,994,1401,70.95,施美女,無
新北市新店區國校里,-36,319,355,761,1056,72.06,郭儒鈞,中國國民黨
新北市新店區國豐里,-287,376,663,1022,1367,74.76,顏榮宏,中國國民黨
新北市新店區塗潭里,-360,87,447,593,889,66.70,邱秀雄,無
新北市新店區大同里,-66,510,576,768,954,80.50,俞賢明,無
新北市新店區大豐里,-21,464,485,751,999,75.18,張厚仁,無
新北市新店區大鵬里,-329,298,627,991,1252,79.15,喬天鼎,中國國民黨
新北市新店區太平里,168,434,266,1058,1415,74.77,李謝素珍,中國國民黨
新北市新店區安和里,563,1148,585,1187,1569,75.65,劉淑美,中國國民黨
新北市新店區安昌里,231,817,586,862,1191,72.38,范姜玉嬌,中國國民黨
新北市新店區寶安里,172,662,490,906,1216,74.51,宋美雪,中國國民黨
新北市新店區寶福里,402,966,564,1053,1350,78.00,林時文,無
新北市新店區寶興里,309,697,388,1278,1726,74.04,周宥竣,中國國民黨
新北市新店區小城里,148,509,361,837,1127,74.27,郭仁澤,中國國民黨
新北市新店區屈尺里,-41,259,300,798,1099,72.61,唐萬居,無
新北市新店區廣明里,-234,100,334,558,776,71.91,張添財,無
新北市新店區廣興里,-344,111,455,840,1236,67.96,吳進興,無
新北市新店區建國里,-341,373,714,999,1397,71.51,蘇高雪嬌,無
新北市新店區張北里,769,1240,471,871,1233,70.64,鄭富濃,中國國民黨
新北市新店區張南里,-301,315,616,650,895,72.63,林國榮,中國國民黨
新北市新店區復興里,-266,390,656,954,1403,68.00,劉洪珠,中國國民黨
新北市新店區德安里,155,763,608,891,1265,70.43,丁萬貴,無
新北市新店區忠孝里,-100,318,418,996,1375,72.44,游皓麟,中國國民黨
新北市新店區忠誠里,22,290,268,859,1109,77.46,蔡雯芳,無
新北市新店區文中里,-586,251,837,1164,1582,73.58,劉閔禮,中國國民黨
新北市新店區文明里,1,317,316,964,1285,75.02,彭永珍,無
新北市新店區新和里,104,586,482,881,1244,70.82,仇雅彤,中國國民黨
新北市新店區新安里,161,532,371,797,1078,73.93,黃建福,中國國民黨
新北市新店區新店里,-310,226,536,1147,1598,71.78,陳文德,無
新北市新店區新德里,-1,329,330,867,1198,72.37,陳炳漢,無
新北市新店區新生里,134,692,558,557,760,73.29,黃頌之,中國國民黨
新北市新店區日興里,301,706,405,593,884,67.08,廖景春,無
新北市新店區明城里,46,462,416,1129,1548,72.93,蘇善榛,無
新北市新店區明德里,134,570,436,1035,1378,75.11,許漢隆,中國國民黨
新北市新店區柴埕里,910,1274,364,983,1308,75.15,黃金憲,中國國民黨
新北市新店區永安里,72,658,586,756,1090,69.36,林清一,無
新北市新店區永平里,480,785,305,857,1224,70.02,謝世欣,無
新北市新店區江陵里,129,722,593,808,1078,74.95,葉金珠,中國國民黨
新北市新店區玫瑰里,374,824,450,776,1105,70.23,施天賜,中國國民黨
新北市新店區百和里,-271,410,681,1044,1389,75.16,陳先鳴,中國國民黨
新北市新店區百忍里,-204,463,667,654,875,74.74,陳建利,中國國民黨
新北市新店區百福里,73,523,450,843,1111,75.88,林燕玲,無
新北市新店區直潭里,-285,124,409,268,406,66.01,林家榮,無
新北市新店區福德里,39,480,441,774,1138,68.01,張元亨,中國國民黨
新北市新店區福民里,45,529,484,1065,1387,76.78,盧浩賢,中國國民黨
新北市新店區粗坑里,-86,354,440,398,560,71.07,王青偉,無
新北市新店區美城里,-233,363,596,868,1238,70.11,翁智冠,無
新北市新店區美潭里,152,721,569,799,1116,71.59,簡明峰,無
新北市新店區華城里,-407,330,737,779,1064,73.21,花秋賢,無
新北市新店區達觀里,-180,539,719,612,814,75.18,金威,無
新北市新店區長春里,-220,323,543,911,1177,77.40,李傳傑,中國國民黨
新北市新店區雙坑里,-179,63,242,464,692,67.05,周興旺,無
新北市新店區雙城里,208,742,534,833,1248,66.75,黃燦煌,無
新北市新店區青潭里,251,754,503,841,1201,70.02,林岑郁,無
新北市新店區頂城里,-68,190,258,533,829,64.29,王明籐,無
新北市新店區香坡里,1220,1583,363,1041,1438,72.39,郭永城,無
新北市新店區龜山里,-248,173,421,1043,1584,65.85,高義良,無
新北市新莊區中信里,688,1346,658,1074,1436,74.79,林阿元,無
新北市新莊區中全里,74,507,433,567,776,73.07,陳柏廷,無
新北市新莊區中原里,1958,2470,512,768,1024,75.00,黃永昌,無
新北市新莊區中和里,8,653,645,989,1326,74.59,林孟鴻,無
新北市新莊區中宏里,205,634,429,724,1030,70.29,洪少欽,無
新北市新莊區中平里,1303,1693,390,1021,1322,77.23,林建良,無
新北市新莊區中泰里,213,610,397,870,1221,71.25,郭樹琳,中國國民黨
新北市新莊區中港里,491,963,472,977,1324,73.79,高忠傑,無
新北市新莊區中美里,172,959,787,970,1286,75.43,陳明卿,民主進步黨
新北市新莊區中華里,-227,437,664,902,1180,76.44,陳敬波,無
新北市新莊區中誠里,-101,288,389,664,927,71.63,沈丁子,無
新北市新莊區中隆里,349,884,535,787,1068,73.69,吳清標,無
新北市新莊區丹鳳里,940,1328,388,916,1311,69.87,林永傑,無
新北市新莊區仁愛里,-288,342,630,743,1074,69.18,吳俊聲,無
新北市新莊區仁義里,190,485,295,754,1039,72.57,陳文一,民主進步黨
新北市新莊區信義里,200,748,548,788,1096,71.90,吳秋桂,無
新北市新莊區光和里,-100,399,499,861,1198,71.87,林光燦,無
新北市新莊區光明里,66,721,655,947,1361,69.58,廖榮裕,無
新北市新莊區光榮里,223,629,406,942,1313,71.74,張湘琪,無
新北市新莊區光正里,217,686,469,851,1204,70.68,陳通助,無
新北市新莊區光華里,562,986,424,846,1216,69.57,呂芳錦,無
新北市新莊區全安里,-62,638,700,968,1266,76.46,蔡明祥,無
新北市新莊區全泰里,-4,691,695,1110,1457,76.18,陳哲郎,無
新北市新莊區八德里,49,420,371,963,1380,69.78,程俊勲,無
新北市新莊區化成里,346,649,303,745,1042,71.50,陳裔興,無
新北市新莊區南港里,263,822,559,751,1060,70.85,林朝基,無
新北市新莊區合鳳里,163,642,479,889,1242,71.58,林永憲,無
新北市新莊區和平里,319,714,395,981,1394,70.37,蔡河彬,民主進步黨
新北市新莊區四維里,137,637,500,941,1367,68.84,吳岳澤,無
新北市新莊區國泰里,-351,173,524,838,1156,72.49,陳金乾,無
新北市新莊區富國里,-19,324,343,690,970,71.13,許游美蘭,無
新北市新莊區富民里,89,620,531,809,1107,73.08,陳清泉,無
新北市新莊區幸福里,56,602,546,877,1198,73.21,盧美玉,無
新北市新莊區建安里,614,1065,451,1067,1424,74.93,王永華,無
新北市新莊區建福里,-130,372,502,793,1063,74.60,劉金祥,無
新北市新莊區後德里,-213,443,656,964,1252,77.00,劉臺鳳,無
新北市新莊區後港里,845,1161,316,915,1228,74.51,邱冠豪,無
新北市新莊區忠孝里,85,762,677,1040,1437,72.37,林長川,無
新北市新莊區思源里,275,765,490,824,1108,74.37,沈明耀,民主進步黨
新北市新莊區思賢里,222,647,425,897,1177,76.21,楊祐全,無
新北市新莊區恆安里,33,605,572,968,1266,76.46,蔡陳恒菊,無
新北市新莊區成德里,139,700,561,1004,1403,71.56,王義寬,無
新北市新莊區文德里,-531,268,799,1163,1543,75.37,陳圓光,無
新北市新莊區文明里,-391,210,601,1083,1456,74.38,張魏春花,無
新北市新莊區文聖里,-348,445,793,1133,1503,75.38,蔣添榮,中國國民黨
新北市新莊區文衡里,-190,305,495,724,915,79.13,王慶順,無
新北市新莊區昌信里,138,667,529,849,1143,74.28,柯明啓,無
新北市新莊區昌平里,1223,1777,554,688,911,75.52,林玉華,中國國民黨
新北市新莊區昌明里,159,553,394,727,958,75.89,呂嘉群,無
新北市新莊區昌隆里,193,706,513,921,1191,77.33,吳益昌,無
新北市新莊區榮和里,-324,508,832,846,1139,74.28,黃希義,中國國民黨
新北市新莊區民全里,63,557,494,857,1166,73.50,張文興,無
新北市新莊區民安里,580,925,345,887,1245,71.24,許桎逢,無
新北市新莊區民有里,244,659,415,862,1152,74.83,吳坤郎,無
新北市新莊區民本里,-19,427,446,923,1268,72.79,陳秋月,無
新北市新莊區泰豐里,-48,389,437,765,1086,70.44,王珮宇,無
新北市新莊區海山里,346,725,379,799,1085,73.64,童滿金,無
新北市新莊區營盤里,-190,236,426,306,450,68.00,林宗暉,無
新北市新莊區瓊林里,334,668,334,918,1300,70.62,吳佳擇,無
新北市新莊區祥鳳里,-203,345,548,750,1042,71.98,賴俊良,無
新北市新莊區福基里,725,1065,340,1012,1323,76.49,王曜輝,無
新北市新莊區福營里,-138,328,466,752,1072,70.15,廖皇源,無
新北市新莊區福興里,420,970,550,972,1286,75.58,楊明教,無
新北市新莊區立人里,-183,280,463,628,823,76.31,吳碧麗,無
新北市新莊區立功里,-38,496,534,649,934,69.49,陳易澤,無
新北市新莊區立基里,251,914,663,1038,1357,76.49,張中貞,無
新北市新莊區立廷里,1477,2121,644,1210,1566,77.27,許任銘,中國國民黨
新北市新莊區立德里,-88,334,422,802,1045,76.75,莊玉雲,無
新北市新莊區立志里,183,573,390,809,1101,73.48,陳立,無
新北市新莊區立泰里,245,714,469,1050,1454,72.21,許文章,無
新北市新莊區立言里,221,709,488,953,1287,74.05,劉進益,無
新北市新莊區自信里,-178,361,539,735,1016,72.34,林秋雲,無
新北市新莊區自強里,-215,320,535,762,1122,67.91,柯蔡阿菜,無
新北市新莊區自立里,250,712,462,922,1190,77.48,吳東杉,無
新北市新莊區興漢里,-28,478,506,458,624,73.40,簡明德,中國國民黨
新北市新莊區萬安里,152,536,384,768,1012,75.89,游綉蓮,無
新北市新莊區裕民里,533,933,400,1006,1417,71.00,曾榆期,無
新北市新莊區西盛里,1467,2201,734,880,1178,74.70,陳金田,無
新北市新莊區豐年里,200,512,312,745,1015,73.40,林麗華,無
新北市新莊區雙鳳里,1313,1916,603,1258,1636,76.89,潘素娥,無
新北市新莊區頭前里,1405,1828,423,1076,1457,73.85,黃國訓,無
新北市新莊區龍安里,35,315,280,683,1025,66.63,吳庭妤,無
新北市新莊區龍福里,-67,342,409,725,972,74.59,陳立維,無
新北市新莊區龍鳳里,1347,1796,449,1110,1447,76.71,林清原,無
新北市板橋區中山里,709,1077,368,857,1219,70.30,林爽,無
新北市板橋區中正里,357,1278,921,1385,1759,78.74,林煌益,無
新北市板橋區九如里,-239,353,592,927,1246,74.40,李建重,無
新北市板橋區五權里,131,594,463,857,1189,72.08,吳童,無
新北市板橋區仁愛里,123,439,316,657,843,77.94,葉中正,中國國民黨
新北市板橋區仁翠里,-217,340,557,949,1277,74.31,陳金泉,無
新北市板橋區介壽里,-26,380,406,924,1242,74.40,陳慧敏,無
新北市板橋區信義里,97,574,477,916,1319,69.45,黃閎源,無
新北市板橋區僑中里,142,626,484,752,1054,71.35,柯秀月,無
新北市板橋區光仁里,-209,376,585,855,1171,73.01,謝昌佳,無
新北市板橋區光復里,-19,455,474,1053,1400,75.21,王俊智,無
新北市板橋區光榮里,0,337,337,817,1081,75.58,盛瑞麟,無
新北市板橋區光華里,-327,365,692,759,1063,71.40,周秀美,無
新北市板橋區公舘里,-16,505,521,796,1061,75.02,陳黃逽,無
新北市板橋區吉翠里,-18,487,505,814,1062,76.65,陳清玉,無
新北市板橋區和平里,36,690,654,1376,1747,78.76,李蔡春花,無
新北市板橋區國光里,111,485,374,839,1061,79.08,古炳丁,無
新北市板橋區國泰里,-137,472,609,1063,1452,73.21,陳志煉,無
新北市板橋區埔墘里,486,883,397,844,1153,73.20,曾啟瑜,無
新北市板橋區埤墘里,-25,641,666,865,1204,71.84,蘇琮貴,無
新北市板橋區堂春里,-9,625,634,777,1108,70.13,劉世標,無
新北市板橋區大安里,141,570,429,806,1123,71.77,陳勇鎬,無
新北市板橋區大觀里,-153,488,641,1101,1510,72.91,何明山,無
新北市板橋區大豐里,-39,629,668,1003,1364,73.53,張錦堂,無
新北市板橋區宏翠里,459,915,456,1291,1731,74.58,郭曉藝,無
新北市板橋區富貴里,-222,305,527,740,989,74.82,詹汝,無
新北市板橋區居仁里,-36,607,643,1325,1757,75.41,郭新芳,無
新北市板橋區崑崙里,895,1397,502,865,1244,69.53,魏烽智,無
新北市板橋區嵐翠里,-205,312,517,748,1006,74.35,林彥綱,無
新北市板橋區幸福里,305,554,249,817,1134,72.05,吳朝琦,無
新北市板橋區廣德里,256,924,668,1059,1413,74.95,周建和,無
新北市板橋區廣新里,-49,461,510,565,856,66.00,黃明和,無
新北市板橋區廣福里,211,533,322,1238,1679,73.73,趙桂菊,無
新北市板橋區建國里,75,480,405,742,972,76.34,李金城,無
新北市板橋區後埔里,5,500,495,1204,1577,76.35,林義壽,無
新北市板橋區復興里,-79,96,175,254,339,74.93,郭宗輝,無
新北市板橋區德翠里,624,1057,433,1121,1542,72.70,張耀仁,無
新北市板橋區忠翠里,951,1619,668,1185,1521,77.91,張慎芝,無
新北市板橋區忠誠里,9,578,569,853,1065,80.09,陳玉蘭,中國國民黨
新北市板橋區懷翠里,333,903,570,1150,1624,70.81,蘇俊輝,無
新北市板橋區成和里,434,1117,683,1092,1539,70.96,鄧月茶,無
新北市板橋區振義里,127,575,448,647,873,74.11,呂志祥,無
新北市板橋區振興里,189,570,381,998,1312,76.07,黃清順,無
新北市板橋區挹秀里,-24,212,236,652,860,75.81,張麗華,無
新北市板橋區文化里,-66,450,516,1085,1449,74.88,莊英杰,無
新北市板橋區文德里,-174,518,692,1166,1520,76.71,賴錦賜,無
新北市板橋區文翠里,-36,557,593,792,1050,75.43,王永源,無
新北市板橋區文聖里,-219,524,743,1155,1511,76.44,楊仁瑰,無
新北市板橋區新埔里,-92,260,352,672,834,80.58,陳芷庭,無
新北市板橋區新民里,162,544,382,828,1092,75.82,陳博盛,無
新北市板橋區新海里,67,462,395,691,958,72.13,宋靜庭,無
新北市板橋區新生里,214,579,365,830,1139,72.87,陳慶宗,無
新北市板橋區新翠里,737,1157,420,1032,1393,74.08,陳水杉,無
新北市板橋區新興里,-100,444,544,1053,1463,71.98,羅朝慶,無
新北市板橋區明翠里,121,637,516,717,987,72.64,沈德發,無
新北市板橋區景星里,-163,475,638,1160,1587,73.09,林志成,無
新北市板橋區朝陽里,67,428,361,755,1026,73.59,陳文成,無
新北市板橋區東丘里,194,583,389,932,1220,76.39,高翊峰,無
新北市板橋區東安里,-205,300,505,712,965,73.78,陳聰騰,無
新北市板橋區松柏里,-147,325,472,844,1099,76.80,王宏志,無
新北市板橋區松翠里,-194,400,594,1002,1410,71.06,林阿萬,無
新北市板橋區柏翠里,279,785,506,1004,1423,70.56,林陳秀菊,無
新北市板橋區歡園里,-361,149,510,756,1015,74.48,王國龍,無
新北市板橋區正泰里,48,407,359,982,1308,75.08,羅祐祥,無
新北市板橋區民安里,-58,268,326,756,968,78.10,吳致宏,中國國民黨
新北市板橋區民族里,273,673,400,890,1180,75.42,葉成和,無
新北市板橋區民權里,-41,351,392,883,1126,78.42,黃泰傑,無
新北市板橋區民生里,1,308,307,692,895,77.32,楊學文,無
新北市板橋區永安里,-236,543,779,1180,1561,75.59,高導民,無
新北市板橋區江翠里,19,674,655,1157,1596,72.49,蔡明輝,無
新北市板橋區流芳里,-398,169,567,869,1193,72.84,陳建雄,中國國民黨
新北市板橋區浮洲里,94,492,398,769,1057,72.75,賴姿吟,無
新北市板橋區海山里,895,1092,197,788,1051,74.98,洪正明,無
新北市板橋區深丘里,440,1037,597,981,1369,71.66,陳廉誠,無
新北市板橋區港嘴里,398,792,394,928,1264,73.42,鄭景耀,無
新北市板橋區港尾里,-6,402,408,914,1179,77.52,張又云,無
新北市板橋區港德里,237,592,355,846,1122,75.40,江堡寬,無
新北市板橋區湳興里,419,727,308,954,1324,72.05,劉育奇,無
新北市板橋區溪北里,-163,522,685,1058,1450,72.97,黃炳南,無
新北市板橋區溪洲里,124,829,705,1178,1613,73.03,王山崎,無
新北市板橋區溪福里,1772,2227,455,1115,1525,73.11,楊秋菊,無
新北市板橋區溪頭里,1258,1692,434,1160,1540,75.32,余柏緯,無
新北市板橋區滿翠里,29,363,334,562,795,70.69,邱志杰,無
新北市板橋區漢生里,-27,572,599,916,1202,76.21,蕭水文,無
新北市板橋區玉光里,140,787,647,1063,1427,74.49,曾國旃,無
新北市板橋區留侯里,-473,233,706,1032,1351,76.39,黃承亮,無
新北市板橋區百壽里,-1,383,384,907,1166,77.79,林華偉,無
新北市板橋區社後里,478,876,398,1363,5235,26.04,莊晉貴,無
新北市板橋區福丘里,263,678,415,1058,1419,74.56,謝徐金蓮,中國國民黨
新北市板橋區福壽里,-73,463,536,1004,1321,76.00,許明順,無
新北市板橋區福安里,848,1247,399,683,934,73.13,紀懿容,無
新北市板橋區福德里,219,652,433,844,1119,75.42,陳志榮,無
新北市板橋區福星里,-268,463,731,1128,1454,77.58,朱泰霖,無
新北市板橋區福祿里,-245,562,807,1308,1842,71.01,呂春蘭,中國國民黨
新北市板橋區福翠里,-421,182,603,824,1164,70.79,陳嘉生,無
新北市板橋區純翠里,87,791,704,1190,1582,75.22,禇仁德,無
新北市板橋區聚安里,168,667,499,812,1133,71.67,蔡世川,無
新北市板橋區聯翠里,65,517,452,809,1092,74.08,吳麗梅,無
新北市板橋區自強里,104,617,513,806,1036,77.80,張雪嬰,無
新北市板橋區自立里,-130,373,503,905,1211,74.73,呂建同,無
新北市板橋區莊敬里,-109,671,780,794,983,80.77,戴清芳,無
新北市板橋區莒光里,-102,363,465,934,1255,74.42,呂永欽,無
新北市板橋區華中里,41,730,689,1001,1345,74.42,黃榮煌,民主進步黨
新北市板橋區華德里,531,978,447,976,1346,72.51,陳寶銓,無
新北市板橋區華東里,424,1148,724,961,1249,76.94,王典芳,無
新北市板橋區華江里,385,996,611,1138,1505,75.61,黃發達,無
新北市板橋區華福里,-2,265,267,713,917,77.75,陳素玉,無
新北市板橋區華翠里,111,469,358,1147,1527,75.11,盧建文,無
新北市板橋區華興里,-101,585,686,933,1292,72.21,劉憲鐘,無
新北市板橋區華貴里,-294,314,608,758,994,76.26,林榮彩,無
新北市板橋區西安里,22,340,318,843,1141,73.88,莊淑慧,無
新北市板橋區赤松里,-327,145,472,661,876,75.46,林文傑,無
新北市板橋區鄉雲里,-86,555,641,1471,1999,73.59,謝秀娥,無
新北市板橋區重慶里,566,1238,672,1052,1499,70.18,許鳳霞,無
新北市板橋區金華里,149,516,367,757,1020,74.22,洪宗信,無
新北市板橋區長壽里,-2,392,394,896,1195,74.98,李俊中,無
新北市板橋區長安里,140,625,485,1160,1525,76.07,陳聰文,無
新北市板橋區陽明里,1,343,342,903,1185,76.20,吳文祺,無
新北市板橋區雙玉里,-325,558,883,1229,1670,73.59,王聰震,無
新北市板橋區青翠里,-96,389,485,890,1233,72.18,林森照,無
新北市板橋區香丘里,169,475,306,723,961,75.23,蘇淑芳,無
新北市板橋區香社里,269,675,406,1070,1410,75.89,林勝隆,無
新北市板橋區香雅里,-139,478,617,833,1135,73.39,謝淑姿,無
新北市板橋區黃石里,-337,148,485,760,1010,75.25,吳聰榮,中國國民黨
新北市板橋區龍安里,-162,342,504,834,1132,73.67,黃春生,無
新北市板橋區龍翠里,61,718,657,1048,1402,74.75,張振發,無
新北市林口區下福里,-539,174,713,877,1186,73.95,李美玉,無
新北市林口區中湖里,345,897,552,1105,1527,72.36,陳國珍,無
新北市林口區仁愛里,684,1085,401,854,1205,70.87,劉鴻橋,中國國民黨
新北市林口區南勢里,4370,4747,377,826,1097,75.30,陳國烝,無
新北市林口區嘉寶里,-483,117,600,649,869,74.68,黃建邦,無
新北市林口區太平里,-280,260,540,1025,1409,72.75,謝玉祥,無
新北市林口區東勢里,797,1111,314,944,1290,73.18,李文基,無
新北市林口區東林里,-83,451,534,786,1086,72.38,陳洪賓,無
新北市林口區林口里,407,724,317,879,1263,69.60,蘇夏宗,無
新北市林口區湖北里,-587,181,768,971,1283,75.68,張文清,無
新北市林口區湖南里,4063,4349,286,892,1224,72.88,黃清龍,中國國民黨
新北市林口區瑞平里,-115,103,218,533,733,72.71,洪淑芬,無
新北市林口區菁湖里,-90,559,649,939,1238,75.85,林益興,無
新北市林口區西林里,1113,1614,501,955,1375,69.45,王國華,無
新北市林口區頂福里,-385,107,492,678,962,70.48,蘇源和,無
新北市林口區麗園里,8,577,569,754,1077,70.01,黃添福,無
新北市林口區麗林里,768,1336,568,911,1277,71.34,薛純良,無
新北市樹林區三多里,-106,558,664,1245,1863,66.83,吳謝秀琴,無
新北市樹林區三福里,221,508,287,777,1082,71.81,張致遠,無
新北市樹林區三興里,53,614,561,725,1117,64.91,王永村,無
新北市樹林區三龍里,-237,348,585,505,670,75.37,周淑甘,無
新北市樹林區中山里,-78,735,813,1120,1574,71.16,簡炎輝,無
新北市樹林區中華里,-161,518,679,1032,1518,67.98,張美珠,無
新北市樹林區保安里,592,927,335,1079,1424,75.77,李錫寶,無
新北市樹林區光興里,108,606,498,825,1127,73.20,何明峰,無
新北市樹林區北園里,10,318,308,645,906,71.19,王仲卿,無
新北市樹林區南園里,1693,2215,522,1234,1612,76.55,李培鈺,無
新北市樹林區和平里,228,537,309,874,1211,72.17,陳文霖,無
新北市樹林區圳安里,31,548,517,701,952,73.63,許進旺,無
新北市樹林區圳民里,-91,433,524,927,1221,75.92,王墘,無
新北市樹林區圳生里,-430,209,639,1020,1374,74.24,簡敬豪,無
新北市樹林區圳福里,107,629,522,1065,1497,71.14,蘇益和,無
新北市樹林區坡內里,-305,252,557,1090,1484,73.45,陳譽丰,無
新北市樹林區大同里,-148,529,677,1100,1457,75.50,許進旺,無
新北市樹林區太順里,-137,390,527,766,1123,68.21,蔣榮井,無
新北市樹林區山佳里,524,867,343,883,1268,69.64,張進宗,無
新北市樹林區彭厝里,432,699,267,1027,1408,72.94,蕭廷輝,無
新北市樹林區彭福里,495,879,384,845,1254,67.38,楊世元,無
新北市樹林區彭興里,513,881,368,766,1118,68.52,廖建忠,無
新北市樹林區文林里,400,764,364,1056,1379,76.58,甘永昌,無
新北市樹林區東園里,-373,224,597,1063,1501,70.82,陳兩進,無
新北市樹林區東山里,115,463,348,1134,1550,73.16,高健市,無
新北市樹林區東昇里,490,805,315,826,1093,75.57,詹麒叡,中國國民黨
新北市樹林區東陽里,222,836,614,903,1240,72.82,林耿邦,無
新北市樹林區柑園里,1210,1489,279,980,1360,72.06,詹志昌,無
新北市樹林區樂山里,-482,285,767,1278,1776,71.96,廖文斌,無
新北市樹林區樹人里,-96,476,572,1128,1540,73.25,邱世昌,無
新北市樹林區樹北里,-333,111,444,629,833,75.51,林俊明,無
新北市樹林區樹南里,94,595,501,838,1125,74.49,邱垂章,無
新北市樹林區樹德里,100,492,392,617,816,75.61,陳雲明,無
新北市樹林區樹東里,-153,161,314,765,1024,74.71,張木科,無
新北市樹林區樹福里,-85,495,580,1194,1568,76.15,廖訂印,無
新北市樹林區樹興里,41,541,500,714,1013,70.48,詹美齡,無
新北市樹林區樹西里,282,712,430,1096,1363,80.41,羅煥滿,無
新北市樹林區潭底里,-115,540,655,830,2085,39.81,許萬來,無
新北市樹林區獇寮里,299,635,336,956,1369,69.83,劉燕雪,無
新北市樹林區育英里,-111,522,633,1108,1448,76.52,詹炳新,無
新北市樹林區西園里,-609,247,856,1081,1568,68.94,陳振彥,無
新北市樹林區金寮里,65,621,556,854,1187,71.95,楊淑惠,無
新北市永和區上林里,-296,429,725,1104,1452,76.03,林維楠,中國國民黨
新北市永和區上溪里,15,213,198,552,810,68.15,賴碧鑾,中國國民黨
新北市永和區下溪里,-5,648,653,982,1288,76.24,林敏德,中國國民黨
新北市永和區中溪里,365,702,337,1113,1477,75.36,吳春玉,中國國民黨
新北市永和區中興里,-181,413,594,946,1285,73.62,林東誼,中國國民黨
新北市永和區仁愛里,-228,365,593,918,1194,76.88,李天助,中國國民黨
新北市永和區保安里,241,943,702,1108,1524,72.70,許承煬,中國國民黨
新北市永和區保平里,83,667,584,959,1283,74.75,王春琇,無
新北市永和區保順里,958,1504,546,814,1136,71.65,林葉成,中國國民黨
新北市永和區信義里,6,303,297,934,1288,72.52,莊瑞雲,無
新北市永和區光復里,-346,220,566,1097,1480,74.12,張漢坤,無
新北市永和區光明里,-84,389,473,882,1134,77.78,呂嘉慧,中國國民黨
新北市永和區前溪里,-613,277,890,1366,1852,73.76,方金源,中國國民黨
新北市永和區勵行里,-272,165,437,780,1069,72.97,洪敏,中國國民黨
新北市永和區協和里,-289,347,636,963,1277,75.41,陳昱庭,中國國民黨
新北市永和區和平里,6,600,594,1056,1427,74.00,柳舒雲,中國國民黨
新北市永和區大同里,-332,129,461,689,933,73.85,陳健蒼,中國國民黨
新北市永和區大新里,-104,349,453,846,1117,75.74,朱文燦,中國國民黨
新北市永和區安和里,167,503,336,862,1124,76.69,王盈芳,中國國民黨
新北市永和區店街里,160,531,371,835,1160,71.98,王訢人,無
新北市永和區後溪里,-157,271,428,645,842,76.60,莊銘淵,民主進步黨
新北市永和區得和里,147,552,405,967,1251,77.30,蔡綉花,中國國民黨
新北市永和區復興里,-210,294,504,737,1010,72.97,葉斯修,中國國民黨
新北市永和區忠義里,-198,77,275,504,668,75.45,陳英偉,中國國民黨
新北市永和區文化里,-268,365,633,855,1160,73.71,陳水上,中國國民黨
新北市永和區新廍里,-46,278,324,755,986,76.57,紀詠心,無
新北市永和區新生里,-281,143,424,614,852,72.07,姜銀英,中國國民黨
新北市永和區智光里,-176,440,616,992,1386,71.57,趙珮蓁,中國國民黨
新北市永和區桂林里,51,487,436,1205,1665,72.37,盧宣蓉,無
新北市永和區正興里,-27,263,290,777,1067,72.82,江貴滿,中國國民黨
新北市永和區民富里,-170,399,569,888,1231,72.14,林士翔,中國國民黨
新北市永和區民族里,152,569,417,935,1251,74.74,張淑美,中國國民黨
新北市永和區民本里,13,499,486,1128,1593,70.81,曹麗莉,無
新北市永和區民樂里,-36,568,604,912,1212,75.25,潘慶忠,中國國民黨
新北市永和區民權里,160,600,440,976,1278,76.37,鄭文昌,中國國民黨
新北市永和區民治里,-247,340,587,882,1219,72.35,陳以樂,中國國民黨
新北市永和區民生里,100,455,355,753,1045,72.06,黃新旺,無
新北市永和區水源里,-33,521,554,823,1097,75.02,柯義和,中國國民黨
新北市永和區永元里,231,630,399,1039,1398,74.32,呂卓春英,中國國民黨
新北市永和區永安里,125,573,448,901,1170,77.01,陳欽宗,中國國民黨
新北市永和區永成里,-323,116,439,636,879,72.35,周國良,中國國民黨
新北市永和區永樂里,10,337,327,757,1033,73.28,許政鎧,中國國民黨
新北市永和區永福里,-18,367,385,929,1203,77.22,陳紫渝,無
新北市永和區永興里,-207,406,613,924,1308,70.64,陳錦松,中國國民黨
新北市永和區永貞里,-179,404,583,1067,1429,74.67,薛凌亞,無
新北市永和區河堤里,32,464,432,1141,1569,72.72,陳功明,無
新北市永和區河濱里,-251,439,690,985,1342,73.40,孫黃秋月,中國國民黨
新北市永和區潭墘里,6,582,576,965,1309,73.72,阮汪淑華,中國國民黨
新北市永和區潭安里,174,630,456,715,971,73.64,游富喬,中國國民黨
新北市永和區福和里,112,603,491,1041,1446,71.99,王淑美,中國國民黨
新北市永和區福林里,-60,398,458,1040,1389,74.87,孫協同,中國國民黨
新北市永和區秀元里,-237,361,598,1014,1346,75.33,饒金妹,中國國民黨
新北市永和區秀和里,-37,636,673,1188,1575,75.43,孫和連,中國國民黨
新北市永和區秀得里,-104,348,452,903,1179,76.59,高欽,中國國民黨
新北市永和區秀成里,-200,382,582,879,1207,72.83,黃昰瑋,中國國民黨
新北市永和區秀朗里,-270,519,789,1172,1602,73.16,沈賜是,中國國民黨
新北市永和區秀林里,-271,510,781,1271,1664,76.38,宏達,中國國民黨
新北市永和區竹林里,41,465,424,1238,1640,75.49,王素娥,中國國民黨
新北市永和區網溪里,-189,146,335,724,1007,71.90,孫德欽,中國國民黨
新北市永和區豫溪里,-330,407,737,1155,1503,76.85,廖亦芳,無
新北市永和區雙和里,-372,515,887,1284,1662,77.26,黃珠珪,中國國民黨
新北市永和區頂溪里,-98,354,452,931,1225,76.00,蔡美娟,中國國民黨
新北市汐止區中興里,469,1120,651,1000,1399,71.48,蔡振國,無
新北市汐止區仁德里,-173,255,428,1195,1649,72.47,李汶和,無
新北市汐止區保安里,-476,244,720,1036,1464,70.77,蘇忠吉,無
新北市汐止區保新里,143,426,283,1359,2046,66.42,吳明道,無
新北市汐止區保長里,88,760,672,931,1294,71.95,賴宗福,無
新北市汐止區信望里,-147,36,183,215,300,71.67,楊順德,無
新北市汐止區八連里,-204,110,314,636,934,68.09,周順益,無
新北市汐止區北山里,499,833,334,1080,1503,71.86,陳秀蓉,無
新北市汐止區北峰里,274,782,508,1298,1773,73.21,陳南海,無
新北市汐止區厚德里,403,1105,702,1206,1696,71.11,陳有諒,中國國民黨
新北市汐止區城中里,-56,710,766,928,1216,76.32,廖福賢,無
新北市汐止區大同里,-125,410,535,924,1241,74.46,黃翠華,無
新北市汐止區宜興里,-283,377,660,938,1279,73.34,陳清溪,中國國民黨
新北市汐止區山光里,181,536,355,1057,1505,70.23,陳永松,中國國民黨
新北市汐止區崇德里,171,777,606,1186,1621,73.16,蘇宏杰,無
新北市汐止區康福里,280,824,544,1180,1652,71.43,曾淑蘭,無
新北市汐止區建成里,147,804,657,1247,1651,75.53,黃信裕,無
新北市汐止區復興里,230,1042,812,1225,1618,75.71,蕭素真,無
新北市汐止區忠孝里,672,1227,555,972,1384,70.23,丁彥伶,中國國民黨
新北市汐止區忠山里,-66,478,544,1107,1431,77.36,吳國全,中國國民黨
新北市汐止區拱北里,262,655,393,908,1439,63.10,高世國,無
新北市汐止區文化里,357,801,444,1159,1537,75.41,余寶聰,中國國民黨
新北市汐止區新昌里,142,792,650,1069,1468,72.82,林碧霞,中國國民黨
新北市汐止區智慧里,121,709,588,1037,1396,74.28,黃智明,無
新北市汐止區東勢里,231,724,493,899,1208,74.42,賴一山,無
新北市汐止區東山里,-92,63,155,368,537,68.53,虞恉剛,無
新北市汐止區樟樹里,-287,265,552,1318,1948,67.66,高名杉,無
新北市汐止區橋東里,49,614,565,1124,1550,72.52,陶威中,無
新北市汐止區橫科里,93,666,573,1067,1460,73.08,詹清山,中國國民黨
新北市汐止區江北里,417,895,478,924,1249,73.98,謝祚敏,中國國民黨
新北市汐止區湖光里,571,962,391,1054,1411,74.70,杜金泉,無
新北市汐止區湖興里,330,869,539,1127,1581,71.28,郭書成,無
新北市汐止區湖蓮里,-58,407,465,919,1199,76.65,曾連福,中國國民黨
新北市汐止區烘內里,-261,190,451,1016,1465,69.35,蘇明勇,無
新北市汐止區環河里,-435,141,576,827,1135,72.86,黃世和,民主進步黨
新北市汐止區白雲里,180,683,503,873,1204,72.51,陳俊地,無
新北市汐止區福安里,404,1040,636,915,1298,70.49,顏群宗,無
新北市汐止區福山里,-231,504,735,1248,1741,71.68,謝志忠,中國國民黨
新北市汐止區福德里,-100,506,606,1208,1686,71.65,林山永,無
新北市汐止區禮門里,-219,158,377,730,998,73.15,李朝發,無
新北市汐止區秀山里,310,709,399,1088,1442,75.45,謝慧芝,中國國民黨
新北市汐止區秀峰里,94,634,540,567,1946,29.14,蘇樹木,無
新北市汐止區義民里,-227,154,381,873,1177,74.17,吳佩銘,無
新北市汐止區自強里,438,949,511,1294,1723,75.10,康金龍,無
新北市汐止區興福里,111,494,383,1063,1432,74.23,韓君灝,無
新北市汐止區茄苳里,325,672,347,905,1317,68.72,葉雅惠,無
新北市汐止區鄉長里,52,321,269,914,1277,71.57,曾俊華,無
新北市汐止區金龍里,85,812,727,1121,1654,67.78,陳美麗,無
新北市汐止區長安里,-266,238,504,1048,1498,69.96,楊清風,無
新北市汐止區長青里,-310,110,420,652,885,73.67,陳建興,中國國民黨
新北市泰山區全興里,847,1385,538,996,1655,60.18,趙木山,無
新北市泰山區同榮里,294,581,287,964,1311,73.53,馬豫軍,無
新北市泰山區同興里,11,516,505,804,1047,76.79,詹明德,無
新北市泰山區大科里,47,114,67,424,619,68.50,許鈞迪,無
新北市泰山區山腳里,536,996,460,1133,1637,69.21,王國超,無
新北市泰山區新明里,-18,454,472,990,1335,74.16,林柏融,無
新北市泰山區明志里,117,539,422,923,1250,73.84,陳春祈,無
新北市泰山區楓樹里,305,674,369,893,1250,71.44,鄭美玲,無
新北市泰山區泰友里,93,285,192,677,928,72.95,温來居,無
新北市泰山區福泰里,11,355,344,858,1179,72.77,劉丁源,無
新北市泰山區福興里,-112,585,697,1057,1450,72.90,張玉琴,中國國民黨
新北市泰山區義仁里,871,1495,624,1062,1459,72.79,許火炎,無
新北市泰山區義學里,133,729,596,1006,1376,73.11,陳和榮,無
新北市泰山區貴和里,300,768,468,975,1361,71.64,余碧玉,無
新北市泰山區貴子里,138,591,453,897,1195,75.06,戴聯樹,無
新北市泰山區貴賢里,188,515,327,854,1082,78.93,陳岳宏,無
新北市泰山區黎明里,-54,504,558,1025,1425,71.93,施呈林,無
新北市淡水區中和里,-247,82,329,404,530,76.23,王文輝,無
新北市淡水區中興里,-27,514,541,873,1292,67.57,江慶發,無
新北市淡水區八勢里,166,896,730,1062,1528,69.50,沈欽裕,無
新北市淡水區北投里,918,1662,744,1151,1561,73.73,張麗卿,中國國民黨
新北市淡水區北新里,-16,435,451,982,1372,71.57,許春榮,中國國民黨
新北市淡水區協元里,-468,156,624,876,1267,69.14,蕭慶和,無
新北市淡水區坪頂里,-481,165,646,898,1264,71.04,郭建義,無
新北市淡水區埤島里,-587,279,866,1285,1816,70.76,蔡正忠,無
新北市淡水區大庄里,1158,1701,543,1341,1836,73.04,林建仲,中國國民黨
新北市淡水區學府里,109,651,542,940,1374,68.41,林文成,無
新北市淡水區屯山里,-165,155,320,722,944,76.48,李永清,無
新北市淡水區崁頂里,3643,3909,266,976,1282,76.13,吳庭岳,無
新北市淡水區幸福里,1,507,506,690,983,70.19,李佳倩,無
新北市淡水區忠寮里,-466,133,599,736,1020,72.16,蔣耿南,無
新北市淡水區忠山里,-284,102,386,556,758,73.35,潘炳丁,中國國民黨
新北市淡水區文化里,-270,239,509,1083,1544,70.14,彭梅香,中國國民黨
新北市淡水區新春里,832,1408,576,914,1316,69.45,莊志文,無
新北市淡水區新民里,30,681,651,1046,1418,73.77,林聖傑,無
新北市淡水區新生里,-99,52,151,288,384,75.00,洪正宗,無
新北市淡水區新義里,-42,576,618,833,1178,70.71,盧寶全,無
新北市淡水區新興里,458,1081,623,1317,1774,74.24,吳錦泉,無
新北市淡水區樹興里,-430,183,613,979,1489,65.75,許秋芳,無
新北市淡水區正德里,7,690,683,1053,1432,73.53,黃俊雄,無
新北市淡水區民安里,-247,69,316,442,601,73.54,鄭英和,無
新北市淡水區民權里,-26,693,719,1161,1538,75.49,江瑟媚,無
新北市淡水區民生里,189,978,789,1239,1736,71.37,陳李明緣,中國國民黨
新北市淡水區水源里,-92,237,329,666,948,70.25,李貴鐘,無
新北市淡水區水碓里,408,778,370,862,1209,71.30,孫麗明,無
新北市淡水區永吉里,-349,100,449,584,773,75.55,謝安棋,無
新北市淡水區沙崙里,301,705,404,985,1422,69.27,彭瑀筑,無
新北市淡水區油車里,59,714,655,1077,1559,69.08,唐儷樺,中國國民黨
新北市淡水區清文里,-271,149,420,730,1022,71.43,周文烈,無
新北市淡水區福德里,668,990,322,944,1277,73.92,吳穎綸,無
新北市淡水區竹圍里,236,890,654,1027,1424,72.12,李啟源,無
新北市淡水區竿蓁里,1126,1592,466,872,1225,71.18,王信崇,中國國民黨
新北市淡水區義山里,-69,304,373,764,1150,66.43,楊永麗,無
新北市淡水區興仁里,-523,165,688,952,1420,67.04,盧仁澤,無
新北市淡水區草東里,-257,68,325,503,667,75.41,黃逢晚,無
新北市淡水區蕃薯里,-158,145,303,664,1007,65.94,王壽喜,無
新北市淡水區賢孝里,-543,199,742,998,1423,70.13,葉振昌,無
新北市淡水區鄧公里,235,823,588,996,1375,72.44,邱美津,中國國民黨
新北市淡水區長庚里,-558,206,764,955,1278,74.73,陳崇煌,無
新北市深坑區土庫里,-193,407,600,952,1357,70.15,高太郎,無
新北市深坑區埔新里,342,866,524,1000,1420,70.42,蔡桂英,無
新北市深坑區昇高里,-363,257,620,546,754,72.41,李傳震,無
新北市深坑區深坑里,-291,437,728,1059,1547,68.46,黃建強,無
新北市深坑區萬福里,-300,333,633,761,1043,72.96,鄭宗良,無
新北市深坑區萬順里,-82,320,402,782,1142,68.48,楊文得,無
新北市深坑區賴仲里,67,332,265,1015,1416,71.68,蕭麗玉,無
新北市深坑區阿柔里,-106,68,174,409,535,76.45,羅定國,無
新北市烏來區信賢里,-169,45,214,303,473,64.06,簡凱健,無
新北市烏來區孝義里,-37,42,79,154,225,68.44,呂永豐,無
新北市烏來區忠治里,-85,215,300,648,907,71.44,黃忠信,無
新北市烏來區烏來里,-11,301,312,805,1123,71.68,林春雄,無
新北市烏來區福山里,-170,71,241,374,595,62.86,陳春櫻,無
新北市瑞芳區上天里,-133,160,293,435,637,68.29,林瑞明,無
新北市瑞芳區傑魚里,-106,261,367,658,1008,65.28,周清標,無
新北市瑞芳區光復里,-76,13,89,152,239,63.60,周晉億,無
新北市瑞芳區南雅里,-123,27,150,185,260,71.15,吳顯煌,無
新北市瑞芳區吉安里,-23,376,399,474,726,65.29,謝永昌,無
新北市瑞芳區吉慶里,-159,245,404,610,815,74.85,簡惠麗,無
新北市瑞芳區基山里,-131,41,172,257,392,65.56,石智能,無
新北市瑞芳區崇文里,-123,19,142,168,278,60.43,江李美女,無
新北市瑞芳區弓橋里,-79,38,117,247,285,86.67,陳明星,無
新北市瑞芳區新山里,-144,38,182,218,344,63.37,吳苓芳,無
新北市瑞芳區新峰里,62,446,384,664,1037,64.03,黃茂峻,無
新北市瑞芳區東和里,-97,203,300,654,924,70.78,周樹木,無
新北市瑞芳區柑坪里,-342,133,475,670,999,67.07,許銘仁,無
新北市瑞芳區永慶里,-71,41,112,241,384,62.76,許義村,無
新北市瑞芳區海濱里,-395,133,528,739,1218,60.67,鄧麗華,無
新北市瑞芳區深澳里,-247,151,398,756,1227,61.61,賴孟宏,無
新北市瑞芳區濓新里,-109,16,125,141,261,54.02,黃瑞聰,無
新北市瑞芳區濓洞里,-130,38,168,278,424,65.57,黃嘉祺,無
新北市瑞芳區爪峯里,136,500,364,894,1298,68.88,簡明慧,無
新北市瑞芳區猴硐里,-129,46,175,251,398,63.07,楊志德,無
新北市瑞芳區瑞濱里,-74,230,304,571,911,62.68,胡長安,無
新北市瑞芳區瓜山里,-71,18,89,116,161,72.05,張英傑,無
新北市瑞芳區石山里,-86,23,109,171,305,56.07,吳乾正,無
新北市瑞芳區碩仁里,-56,10,66,105,144,72.92,林富萬,無
新北市瑞芳區福住里,-68,16,84,110,156,70.51,蘇進益,無
新北市瑞芳區銅山里,-71,15,86,120,178,67.42,陳嶽生,無
新北市瑞芳區頌德里,-124,23,147,195,301,64.78,林高白梅,無
新北市瑞芳區鼻頭里,-209,85,294,463,801,57.80,王坤吉,無
新北市瑞芳區龍安里,-207,72,279,392,551,71.14,柯瑞和,無
新北市瑞芳區龍山里,-405,192,597,842,1236,68.12,陳志強,時代力量
新北市瑞芳區龍川里,-73,221,294,582,826,70.46,賴鴻春,無
新北市瑞芳區龍潭里,-232,87,319,468,673,69.54,陳淑霞,無
新北市瑞芳區龍興里,4,264,260,748,997,75.03,黃錫基,無
新北市瑞芳區龍鎮里,-422,148,570,817,1164,70.19,林文清,無
新北市石碇區中民里,-278,92,370,483,690,70.00,郭滄樑,無
新北市石碇區光明里,-105,20,125,189,252,75.00,黃寶緻,無
新北市石碇區彭山里,-125,19,144,189,281,67.26,許建長,無
新北市石碇區格頭里,-361,114,475,689,957,72.00,高國泰,無
新北市石碇區永安里,-351,91,442,539,791,68.14,蕭敏玲,無
新北市石碇區永定里,-275,59,334,368,568,64.79,王金洞,無
新北市石碇區潭邊里,-289,86,375,515,749,68.76,王萬紫,無
新北市石碇區烏塗里,-295,36,331,383,550,69.64,林却,無
新北市石碇區石碇里,-197,40,237,270,362,74.59,王銘勇,無
新北市石碇區豐林里,-111,32,143,216,285,75.79,李煌義,無
新北市石碇區豐田里,-5,38,43,199,264,75.38,陳萬長,無
新北市石碇區隆盛里,-229,63,292,421,630,66.83,謝根林,無
新北市石門區乾華里,-116,28,144,175,270,64.81,曾清松,無
新北市石門區富基里,-477,159,636,867,1264,68.59,曾進興,無
新北市石門區尖鹿里,-583,187,770,944,1369,68.96,邱朝欉,無
新北市石門區山溪里,-287,117,404,577,826,69.85,許阿煌,無
新北市石門區德茂里,-243,140,383,711,1054,67.46,沈素梅,無
新北市石門區石門里,-357,182,539,1015,1441,70.44,劉啟祥,無
新北市石門區老梅里,-128,227,355,555,833,66.63,許寶祿,無
新北市石門區茂林里,-174,51,225,376,533,70.54,簡義雄,無
新北市石門區草里里,-314,102,416,588,879,66.89,邱志曉,無
新北市萬里區中幅里,-252,130,382,720,1044,68.97,謝嘉陽,無
新北市萬里區北基里,-234,264,498,851,1360,62.57,鄧月嬌,中國國民黨
新北市萬里區大鵬里,-3,300,303,606,894,67.79,李建才,無
新北市萬里區崁脚里,-128,32,160,260,369,70.46,郭清標,無
新北市萬里區溪底里,-167,60,227,412,613,67.21,吳連財,無
新北市萬里區磺潭里,-200,61,261,374,559,66.91,張宗基,中國國民黨
新北市萬里區萬里里,98,486,388,673,997,67.50,王傑倫,無
新北市萬里區野柳里,-106,344,450,632,967,65.36,黃長生,無
新北市萬里區雙興里,-290,80,370,670,935,71.66,郭嘉書,無
新北市萬里區龜吼里,-114,305,419,707,1209,58.48,陳國龍,無
新北市蘆洲區中原里,553,956,403,1019,1376,74.06,陳國連,民主進步黨
新北市蘆洲區中華里,-183,484,667,1035,1427,72.53,蔡宜峰,民主進步黨
新北市蘆洲區中路里,424,633,209,963,1273,75.65,涂佳綾,無
新北市蘆洲區九芎里,472,870,398,1092,1551,70.41,李茂雄,民主進步黨
新北市蘆洲區仁復里,-293,295,588,1285,1855,69.27,李德勝,無
新北市蘆洲區仁德里,255,874,619,1190,1666,71.43,古佳玉,無
新北市蘆洲區仁愛里,114,848,734,1127,1499,75.18,林宏典,無
新北市蘆洲區仁義里,-182,576,758,1375,3111,44.20,何益銘,無
新北市蘆洲區保佑里,-165,505,670,1165,1606,72.54,李紹和,無
新北市蘆洲區保和里,-54,368,422,862,1186,72.68,楊總仁,無
新北市蘆洲區保新里,-92,625,717,1227,1731,70.88,黃素秋,無
新北市蘆洲區信義里,-207,580,787,1260,1727,72.96,郭騰芳,無
新北市蘆洲區光明里,60,692,632,913,1270,71.89,陳文良,民主進步黨
新北市蘆洲區光華里,140,807,667,1223,1672,73.15,李鵬毅,無
新北市蘆洲區南港里,162,904,742,1139,1595,71.41,王珠香,無
新北市蘆洲區延平里,32,699,667,1389,1840,75.49,張明德,民主進步黨
新北市蘆洲區得仁里,-55,454,509,982,1275,77.02,曾敏明,無
新北市蘆洲區得勝里,-238,431,669,974,1345,72.42,蔡志選,無
新北市蘆洲區復興里,-192,517,709,1075,1505,71.43,李源泉,無
新北市蘆洲區忠孝里,30,360,330,810,1132,71.55,徐茂集,無
新北市蘆洲區忠義里,-187,524,711,938,1305,71.88,杜芝蓮,無
新北市蘆洲區恆德里,304,894,590,904,1276,70.85,李常孝,無
新北市蘆洲區成功里,574,1185,611,1146,1619,70.78,林德義,無
新北市蘆洲區樓厝里,375,1076,701,1144,1505,76.01,李煒寅,無
新北市蘆洲區樹德里,-180,476,656,1121,1510,74.24,李芳龍,無
新北市蘆洲區正義里,1786,2463,677,1287,1648,78.09,林志修,無
新北市蘆洲區民和里,-37,381,418,1049,1448,72.44,李進誠,中國國民黨
新北市蘆洲區水河里,1130,1451,321,1269,1750,72.51,李文發,無
新北市蘆洲區水湳里,1116,1737,621,1059,1402,75.53,吳松標,無
新北市蘆洲區永安里,225,770,545,962,1311,73.38,李建興,無
新北市蘆洲區永康里,456,1107,651,978,1356,72.12,林世峯,無
新北市蘆洲區永德里,266,757,491,949,1363,69.63,陳宥安,無
新北市蘆洲區永樂里,503,1023,520,1235,1664,74.22,李麗文,無
新北市蘆洲區溪墘里,-35,428,463,953,1268,75.16,李永芳,無
新北市蘆洲區玉清里,647,916,269,1008,1412,71.39,陳義斌,無
新北市蘆洲區福安里,-46,497,543,1131,1567,72.18,李文義,無
新北市蘆洲區長安里,218,778,560,995,1483,67.09,王彥貴,無
新北市蘆洲區鷺江里,432,863,431,1133,1574,71.98,周中堅,無
新北市貢寮區仁里里,-111,171,282,434,703,61.74,紀志樺,無
新北市貢寮區吉林里,-229,33,262,292,441,66.21,簡束卿,無
新北市貢寮區和美里,-75,72,147,288,473,60.89,吳金發,無
新北市貢寮區真理里,-99,138,237,605,1031,58.68,趙瑞昌,無
新北市貢寮區福連里,-23,80,103,300,469,63.97,吳文益,無
新北市貢寮區福隆里,-172,130,302,447,746,59.92,吳憲彰,無
新北市貢寮區美豐里,-89,45,134,258,368,70.11,周貝芳,無
新北市貢寮區貢寮里,-278,58,336,441,731,60.33,楊張翠華,無
新北市貢寮區雙玉里,-100,60,160,194,322,60.25,吳永彬,無
新北市貢寮區龍崗里,-169,28,197,216,373,57.91,黃朝銘,無
新北市貢寮區龍門里,-204,40,244,388,600,64.67,吳世揚,無
新北市金山區三界里,-140,69,209,420,592,70.95,許添坤,無
新北市金山區五湖里,-69,230,299,536,754,71.09,李文俊,無
新北市金山區兩湖里,-181,41,222,268,375,71.47,張金火,無
新北市金山區六股里,-177,55,232,449,635,70.71,鐘鼎平,無
新北市金山區和平里,-171,52,223,300,422,71.09,張文輝,無
新北市金山區大同里,-202,71,273,428,655,65.34,許振煌,無
新北市金山區永興里,-160,45,205,345,534,64.61,許瑞林,無
新北市金山區清泉里,-336,83,419,504,762,66.14,陳麗蘭,無
新北市金山區磺港里,-279,164,443,494,752,65.69,許明熙,無
新北市金山區美田里,173,565,392,837,1203,69.58,何文發,無
新北市金山區萬壽里,-125,46,171,288,426,67.61,劉正行,無
新北市金山區西湖里,-95,18,113,124,163,76.07,賴聰明,無
新北市金山區豐漁里,-183,53,236,321,491,65.38,許吉興,無
新北市金山區重和里,-387,119,506,725,1119,64.79,賴蔡標,無
新北市金山區金美里,186,639,453,804,1162,69.19,蔡龍豪,無
新北市雙溪區三港里,-93,25,118,209,316,66.14,康俐瑩,無
新北市雙溪區三貂里,-123,35,158,217,340,63.82,連建昌,無
新北市雙溪區上林里,-246,51,297,391,551,70.96,簡德福,中國國民黨
新北市雙溪區共和里,-120,26,146,216,331,65.26,李蓁芳,無
新北市雙溪區外柑里,-127,35,162,235,380,61.84,楊文定,無
新北市雙溪區平林里,-46,81,127,387,564,68.62,黃添松,無
新北市雙溪區新基里,-134,67,201,168,252,66.67,蘇虹如,無
新北市雙溪區泰平里,-196,134,330,732,1125,65.07,方敏珍,無
新北市雙溪區牡丹里,-119,117,236,459,746,61.53,連隆盛,無
新北市雙溪區長源里,-154,26,180,200,335,59.70,陳資郎,無
新北市雙溪區雙溪里,-186,51,237,287,408,70.34,盧燈煌,無
新北市雙溪區魚行里,-100,63,163,213,310,68.71,曹拯民,無
新北市鶯歌區中湖里,609,806,197,907,1264,71.76,吳麗卿,無
新北市鶯歌區中鶯里,-219,125,344,659,866,76.10,蘇朝明,無
新北市鶯歌區二橋里,650,1277,627,1224,1744,70.18,李金量,無
新北市鶯歌區二甲里,-327,117,444,613,822,74.57,林水土,無
新北市鶯歌區北鶯里,144,583,439,694,938,73.99,李松進,無
新北市鶯歌區南靖里,43,482,439,607,847,71.66,吳金定,無
新北市鶯歌區南鶯里,125,763,638,1244,1698,73.26,李明弘,無
新北市鶯歌區同慶里,-302,214,516,994,1326,74.96,張素燕,無
新北市鶯歌區大湖里,153,660,507,644,890,72.36,蕭鈴玉,無
新北市鶯歌區尖山里,804,1523,719,1252,1697,73.78,陳怡潔,無
新北市鶯歌區建國里,489,1064,575,1145,1576,72.65,林清得,無
新北市鶯歌區建德里,-229,75,304,388,503,77.14,林真達,無
新北市鶯歌區東湖里,-129,30,159,201,241,83.40,呂阿添,中華統一促進黨
新北市鶯歌區東鶯里,-221,148,369,677,925,73.19,陳陸賀,無
新北市鶯歌區永吉里,242,680,438,1048,1455,72.03,林茂哲,無
新北市鶯歌區永昌里,675,1200,525,855,1229,69.57,游武雄,無
新北市鶯歌區西鶯里,-231,309,540,723,981,73.70,蘇炳輝,無
新北市鶯歌區鳳祥里,98,593,495,1060,1468,72.21,曾勝利,無
新北市鶯歌區鳳福里,415,755,340,1068,1457,73.30,簡騰源,無
新北市鶯歌區鳳鳴里,310,1229,919,978,1389,70.41,陳芷柔,無
