村里,2024-2022,2024民眾黨,2022村里長得票,2024投票數,2024選舉人數,2024投票率,里長姓名,里長政黨
新北市三峽區三峽里,-136,30,166,210,263,0.8,黃宗祥,無
新北市三峽區中埔里,-508,565,1073,2145,3024,0.7,翁聖濰,無
新北市三峽區中正里,-1287,766,2053,3138,4525,0.7,陳志泉,無
新北市三峽區二鬮里,-833,486,1319,2241,3146,0.7,陳孝皇,中國國民黨
新北市三峽區五寮里,-169,69,238,496,739,0.7,王金生,無
新北市三峽區介壽里,-1498,978,2476,3844,6017,0.6,周梓亭,無
新北市三峽區八張里,-983,593,1576,2471,3465,0.7,謝麗玲,無
新北市三峽區嘉添里,-704,229,933,1398,2020,0.7,李萬興,無
新北市三峽區大埔里,-632,512,1144,2449,3539,0.7,陳永清,中國國民黨
新北市三峽區安坑里,-346,142,488,846,1229,0.7,李秋維,中國國民黨
新北市三峽區安溪里,-577,1206,1783,4471,6436,0.7,王曼甄,無
新北市三峽區弘道里,-311,150,461,672,974,0.7,陳錦桐,無
新北市三峽區成福里,-361,120,481,648,820,0.8,蔡文敏,無
新北市三峽區插角里,-180,39,219,438,613,0.7,劉添財,無
新北市三峽區有木里,-291,57,348,423,646,0.7,胡幸姍,無
新北市三峽區永舘里,-1947,951,2898,4517,6277,0.7,蘇正國,無
新北市三峽區添福里,-473,133,606,693,972,0.7,陳秉源,無
新北市三峽區溪北里,-365,301,666,1446,1999,0.7,林清明,無
新北市三峽區溪南里,-582,171,753,1012,1335,0.8,蘇伯聰,無
新北市三峽區溪東里,-690,371,1061,1779,2622,0.7,陳錫遠,無
新北市三峽區礁溪里,-1591,898,2489,3841,5326,0.7,周志鴻,無
新北市三峽區秀川里,-213,86,299,407,562,0.7,李楷瑞,無
新北市三峽區竹崙里,-566,185,751,1198,1809,0.7,張博勇,無
新北市三峽區金圳里,-189,34,223,310,457,0.7,邱金菊,無
新北市三峽區鳶山里,-2197,1423,3620,5938,8646,0.7,周文美,中國國民黨
新北市三峽區龍埔里,-740,1575,2315,6097,8555,0.7,陳椿瑩,無
新北市三峽區龍學里,-978,2292,3270,9429,12627,0.7,周秀鳳,無
新北市三峽區龍恩里,-1546,1120,2666,4386,6031,0.7,黃家賢,無
新北市三芝區八賢里,-119,32,151,205,303,0.7,楊振蜂,無
新北市三芝區古庄里,-309,117,426,743,1143,0.7,葉秋蓮,無
新北市三芝區圓山里,-193,72,265,355,498,0.7,葉泓志,無
新北市三芝區埔坪里,-1794,825,2619,4029,6090,0.7,曾玉珍,無
新北市三芝區埔頭里,-1521,697,2218,3149,4654,0.7,簡錦隆,無
新北市三芝區店子里,-138,71,209,383,539,0.7,戴文福,無
新北市三芝區後厝里,-519,222,741,1371,2029,0.7,楊秀彥,中國國民黨
新北市三芝區新庄里,-204,70,274,528,754,0.7,林文章,無
新北市三芝區橫山里,-119,32,151,334,465,0.7,黃麗玲,無
新北市三芝區福德里,-284,99,383,509,735,0.7,郭萬和,中國國民黨
新北市三芝區興華里,-454,140,594,791,1135,0.7,杜國偵,無
新北市三芝區茂長里,-270,68,338,449,594,0.8,林雙喜,無
新北市三芝區錫板里,-306,68,374,449,616,0.7,陳燕國,無
新北市三重區三安里,-442,341,783,1702,2334,0.7,蔡政宗,無
新北市三重區三民里,-600,485,1085,2176,2940,0.7,謝素玲,無
新北市三重區中央里,-241,250,491,1194,1627,0.7,馮珮媗,無
新北市三重區中山里,-467,377,844,1736,2355,0.7,黃弘毅,無
新北市三重區中正里,-171,189,360,924,1219,0.8,藍文龍,無
新北市三重區中民里,-229,147,376,804,1077,0.7,許滄敏,無
新北市三重區中興里,-650,559,1209,2664,3484,0.8,林深泉,無
新北市三重區二重里,-428,234,662,1024,1403,0.7,吳淑貞,無
新北市三重區五常里,-224,1269,1493,4245,5608,0.8,林忠諺,民主進步黨
新北市三重區五福里,-838,538,1376,2327,3326,0.7,李福山,無
新北市三重區五華里,-532,753,1285,3295,4446,0.7,楊志評,無
新北市三重區五谷里,-418,300,718,1281,1692,0.8,張振隆,無
新北市三重區五順里,-628,541,1169,2359,3397,0.7,洪文珍,無
新北市三重區仁德里,-359,240,599,1225,1729,0.7,陳明志,無
新北市三重區仁忠里,-584,447,1031,1854,2759,0.7,黃演添,無
新北市三重區仁義里,-197,206,403,887,1245,0.7,林武雄,無
新北市三重區仁華里,-1426,650,2076,2811,3730,0.8,洪國林,無
新北市三重區介壽里,-191,161,352,736,1013,0.7,林志祥,無
新北市三重區信安里,-569,277,846,1244,1767,0.7,江政洋,無
新北市三重區光明里,-1628,1111,2739,4648,6362,0.7,李政達,無
新北市三重區光榮里,-441,193,634,919,1275,0.7,劉進明,無
新北市三重區光正里,-736,418,1154,1849,2468,0.7,陳志賢,無
新北市三重區光田里,-1362,663,2025,2978,3922,0.8,吳勝文,無
新北市三重區光華里,-291,336,627,1533,2145,0.7,林軍道,民主進步黨
新北市三重區光輝里,-493,199,692,970,1286,0.8,吳松春,中國國民黨
新北市三重區光陽里,-1780,1004,2784,4305,5647,0.8,江燕輝,無
新北市三重區六合里,-693,518,1211,2390,3299,0.7,許萬金,無
新北市三重區六福里,-790,838,1628,3542,4791,0.7,洪順亮,無
新北市三重區博愛里,-659,620,1279,2885,3914,0.7,范玉琦,無
新北市三重區厚德里,-438,535,973,2330,3032,0.8,陳榮楠,無
新北市三重區吉利里,-367,187,554,859,1263,0.7,陳金星,無
新北市三重區同安里,-358,196,554,855,1239,0.7,陳首清,無
新北市三重區同慶里,-546,275,821,1140,1560,0.7,張絮淳,無
新北市三重區國隆里,-700,478,1178,2000,2579,0.8,傅孫昇,無
新北市三重區培德里,-576,517,1093,2399,3182,0.8,盧姿貝,無
新北市三重區大同里,-231,294,525,1305,1811,0.7,林汝聰,無
新北市三重區大園里,-611,417,1028,1739,2384,0.7,李宗霖,無
新北市三重區大安里,-181,252,433,1071,1461,0.7,羅家林,無
新北市三重區大德里,-170,133,303,543,729,0.7,陳素櫻,民主進步黨
新北市三重區大有里,-1365,808,2173,3412,4554,0.7,鐘林美珠,無
新北市三重區奕壽里,-274,227,501,1087,1484,0.7,周政宏,無
新北市三重區安慶里,-543,298,841,1337,1817,0.7,林金兩,無
新北市三重區富福里,-546,287,833,1271,1775,0.7,陳惟國,無
新北市三重區富華里,-315,479,794,2096,2887,0.7,宋美滿,無
新北市三重區富貴里,-1454,1042,2496,4343,5892,0.7,胡天龍,無
新北市三重區尚德里,-599,404,1003,1905,2612,0.7,許朝順,無
新北市三重區崇德里,-599,501,1100,2479,3431,0.7,吳芳明,無
新北市三重區平和里,-478,212,690,1011,1399,0.7,黃進行,無
新北市三重區幸福里,-1101,614,1715,2824,4005,0.7,郭冬賜,無
新北市三重區德厚里,-59,141,200,498,644,0.8,李燕清,無
新北市三重區忠孝里,-444,272,716,1170,1584,0.7,劉子毓,無
新北市三重區慈化里,-441,370,811,1535,2110,0.7,張清泉,無
新北市三重區慈惠里,-793,338,1131,1490,1946,0.8,蔡清德,無
新北市三重區慈愛里,-61,463,524,2198,2972,0.7,李國華,無
新北市三重區慈生里,-402,314,716,1442,1906,0.8,吳瓊茹,無
新北市三重區慈祐里,-604,706,1310,3136,4313,0.7,謝豪能,無
新北市三重區慈福里,-591,305,896,1441,1990,0.7,邱茂泉,無
新北市三重區成功里,-679,1261,1940,4848,6394,0.8,許玉娟,無
新北市三重區承德里,-591,252,843,1146,1543,0.7,吳政權,無
新北市三重區文化里,-207,287,494,1445,1926,0.8,陳福勝,無
新北市三重區正安里,-605,260,865,1230,1665,0.7,高素梅,無
新北市三重區正德里,-294,122,416,717,972,0.7,賴樹林,無
新北市三重區正義里,-523,254,777,1129,1539,0.7,黃烈山,無
新北市三重區民生里,-584,556,1140,2742,3742,0.7,陳海順,民主進步黨
新北市三重區永吉里,-452,412,864,1769,2406,0.7,劉蕙瑩,無
新北市三重區永安里,-823,575,1398,2497,3391,0.7,黃麗伃,無
新北市三重區永德里,-605,669,1274,2954,4084,0.7,陳冠霖,無
新北市三重區永春里,-292,259,551,1201,1605,0.7,陳虹蓁,無
新北市三重區永清里,-583,786,1369,3340,4502,0.7,吳瑞發,無
新北市三重區永煇里,-392,364,756,1612,2188,0.7,黃志明,無
新北市三重區永發里,-1480,875,2355,3766,4886,0.8,陳綉娜,無
新北市三重區永盛里,-695,459,1154,1977,2711,0.7,侯錦足,無
新北市三重區永福里,-1176,697,1873,3276,4415,0.7,呂宜興,無
新北市三重區永興里,-474,209,683,977,1336,0.7,李金壖,無
新北市三重區永豐里,-1138,818,1956,3550,4853,0.7,黃冬茂,民主進步黨
新北市三重區永順里,-1127,774,1901,3042,4251,0.7,許嘉陣,無
新北市三重區清和里,-1203,628,1831,2689,3611,0.7,楊乾坤,無
新北市三重區溪美里,-1817,1356,3173,5636,7559,0.7,葉仁德,無
新北市三重區瑞德里,-522,310,832,1507,2067,0.7,陳仕宏,無
新北市三重區田中里,-1808,815,2623,3974,5269,0.8,詹貴洪,無
新北市三重區田安里,-1052,922,1974,3957,5315,0.7,陳黃秀美,無
新北市三重區田心里,-654,590,1244,2675,3552,0.8,蔡雪姮,無
新北市三重區碧華里,-951,1419,2370,5576,7495,0.7,林佳鴻,無
新北市三重區福利里,-678,368,1046,1536,2012,0.8,劉佩華,無
新北市三重區福安里,-831,449,1280,1992,2659,0.7,施正通,無
新北市三重區福德里,-1074,579,1653,2567,3566,0.7,吳叁寶,無
新北市三重區福星里,-369,196,565,823,1092,0.8,紀信助,無
新北市三重區福樂里,-1055,553,1608,2304,3241,0.7,蘇修賢,民主進步黨
新北市三重區福民里,-882,407,1289,2074,2889,0.7,林麗枝,民主進步黨
新北市三重區福田里,-496,564,1060,2321,2991,0.8,林清圳,無
新北市三重區福祉里,-1359,924,2283,3746,5023,0.7,陳天森,無
新北市三重區福隆里,-706,719,1425,2779,3794,0.7,曾嘉斌,無
新北市三重區秀江里,-363,150,513,756,1082,0.7,陳貴美,無
新北市三重區立德里,-481,511,992,2204,2916,0.8,陳金城,無
新北市三重區維德里,-782,431,1213,1845,2416,0.8,姚振芳,無
新北市三重區自強里,-557,247,804,1143,1592,0.7,王鴻賓,無
新北市三重區菜寮里,-746,299,1045,1420,1920,0.7,梁進益,無
新北市三重區萬壽里,-537,280,817,1316,1767,0.7,袁翠蘭,無
新北市三重區谷王里,-167,323,490,1226,1594,0.8,莊健昌,無
新北市三重區過田里,-278,953,1231,4243,8728,0.5,林鳳秋,無
新北市三重區重新里,-236,219,455,1039,1348,0.8,柯又方,無
新北市三重區重明里,-953,548,1501,2479,3292,0.8,蔡淑玲,無
新北市三重區重陽里,-389,513,902,2241,3045,0.7,王秀玲,無
新北市三重區錦安里,-329,246,575,1151,1636,0.7,吳淑玲,無
新北市三重區錦江里,-264,332,596,1457,2070,0.7,王梅芳,無
新北市三重區錦田里,-270,295,565,1384,1875,0.7,陳金來,無
新北市三重區錦通里,-453,180,633,949,1279,0.7,林煒財,無
新北市三重區長元里,-516,374,890,1592,2189,0.7,梁聰明,無
新北市三重區長安里,-537,258,795,1316,1847,0.7,李宗烈,無
新北市三重區長江里,-546,288,834,1290,1760,0.7,唐明聰,無
新北市三重區長泰里,-690,304,994,1411,1982,0.7,陳文禮,無
新北市三重區長生里,-114,127,241,578,803,0.7,王阿育,無
新北市三重區長福里,-440,218,658,1020,1392,0.7,林壽,無
新北市三重區開元里,-451,271,722,1135,1512,0.8,潘素珍,無
新北市三重區雙園里,-269,137,406,606,826,0.7,藍裕舜,無
新北市三重區頂崁里,-616,416,1032,1716,2302,0.7,郭文屏,無
新北市三重區順德里,-651,305,956,1402,1933,0.7,李鴻志,無
新北市三重區龍濱里,-965,520,1485,2173,2865,0.8,曾添發,無
新北市三重區龍門里,-247,281,528,1193,1678,0.7,吳献彰,無
新北市中和區中原里,-254,1584,1838,6173,8159,0.8,陳慧書,無
新北市中和區中安里,-1553,600,2153,2996,3905,0.8,李謙國,中國國民黨
新北市中和區中山里,-328,360,688,1721,2329,0.7,江雪嬌,無
新北市中和區中正里,-459,540,999,2424,3329,0.7,李銀花,無
新北市中和區中興里,-1630,1026,2656,4283,5705,0.8,游志鴻,中國國民黨
新北市中和區仁和里,-1157,570,1727,2515,3415,0.7,林達,無
新北市中和區佳和里,-1266,700,1966,3234,4339,0.7,陳得福,中國國民黨
新北市中和區信和里,-1165,570,1735,2701,3637,0.7,許泰銘,無
新北市中和區內南里,-1227,664,1891,3091,4240,0.7,曾金禧,中國國民黨
新北市中和區冠穗里,-458,489,947,2259,2856,0.8,郭祥億,無
新北市中和區力行里,-1047,924,1971,4033,5243,0.8,周聰明,中國國民黨
新北市中和區南山里,-1374,737,2111,3400,4487,0.8,紀忠和,中國國民黨
新北市中和區吉興里,-877,433,1310,1904,2564,0.7,陳成功,無
新北市中和區和興里,-1226,574,1800,2871,3820,0.8,蔡璧如,無
新北市中和區員富里,-1068,565,1633,2354,3209,0.7,蔡宗霖,無
新北市中和區員山里,-910,955,1865,4085,5424,0.8,藍國鐘,無
新北市中和區嘉慶里,-1016,623,1639,2659,3703,0.7,吳永華,無
新北市中和區嘉新里,-1062,578,1640,2524,3477,0.7,林后福,無
新北市中和區嘉穗里,-597,387,984,1848,2426,0.8,吳有參,無
新北市中和區國光里,-1194,562,1756,2563,3355,0.8,蘇俊琦,無
新北市中和區國華里,-290,456,746,2193,2913,0.8,童宥翔,無
新北市中和區壽南里,-462,326,788,1595,2218,0.7,呂武雄,中國國民黨
新北市中和區壽德里,-755,594,1349,2967,3859,0.8,張宗正,中國國民黨
新北市中和區外南里,-1061,668,1729,2879,6738,0.4,連顯達,中國國民黨
新北市中和區安和里,-485,374,859,2012,2672,0.8,吳金,無
新北市中和區安平里,-1121,825,1946,4005,5149,0.8,林芳飾,中國國民黨
新北市中和區安樂里,-986,506,1492,2439,3191,0.8,呂福來,中國國民黨
新北市中和區安穗里,-642,663,1305,2886,3840,0.8,周靜萱,無
新北市中和區安順里,-759,530,1289,2982,3870,0.8,王雪秋,中國國民黨
新北市中和區宜安里,-446,295,741,1358,1791,0.8,陳素貞,中國國民黨
新北市中和區崇南里,-565,625,1190,2889,3849,0.8,鄭茂盛,中國國民黨
新北市中和區平河里,-2257,1417,3674,5977,7856,0.8,黃湘雲,無
新北市中和區廟美里,-469,594,1063,2831,3823,0.7,鄭鈞瑋,中國國民黨
新北市中和區建和里,-1073,503,1576,2366,3102,0.8,江曉佩,中國國民黨
新北市中和區復興里,-1542,650,2192,3180,4304,0.7,尤敏玉,無
新北市中和區德穗里,-1436,597,2033,2952,3986,0.7,詹文定,中國國民黨
新北市中和區德行里,-1719,1045,2764,4325,5632,0.8,陳靜宜,中國國民黨
新北市中和區忠孝里,-634,602,1236,2888,3999,0.7,李柏雲,無
新北市中和區文元里,-1361,656,2017,3225,4385,0.7,吳欣怡,無
新北市中和區新南里,-2108,1135,3243,5299,7031,0.8,申文博,中國國民黨
新北市中和區明德里,-623,518,1141,2518,3353,0.8,羅健容,無
新北市中和區明穗里,-1112,629,1741,2882,3787,0.8,何韋翰,無
新北市中和區景南里,-1038,229,1267,1936,2692,0.7,胡宇辰,中國國民黨
新北市中和區景安里,-1461,706,2167,3285,4247,0.8,游任是,中國國民黨
新北市中和區景平里,-986,848,1834,4008,5272,0.8,游一龍,中國國民黨
新北市中和區景文里,-932,619,1551,2715,3533,0.8,林東銘,中國國民黨
新北市中和區景新里,-925,442,1367,2333,3118,0.7,游成家,中國國民黨
新北市中和區景本里,-586,263,849,1336,1781,0.8,張林秀麗,無
新北市中和區景福里,-1394,842,2236,3910,5272,0.7,王坤茂,中國國民黨
新北市中和區東南里,-515,472,987,2641,3606,0.7,李武雄,中國國民黨
新北市中和區枋寮里,-996,515,1511,2373,3187,0.7,羅仕滄,中國國民黨
新北市中和區橫路里,-126,51,177,236,300,0.8,呂星輝,中國國民黨
新北市中和區正南里,-363,422,785,2105,3013,0.7,游滿堂,中國國民黨
新北市中和區正行里,-815,413,1228,1855,2497,0.7,陳盈君,無
新北市中和區民享里,-679,350,1029,1694,2133,0.8,簡美蓮,無
新北市中和區民安里,-1617,779,2396,3356,4456,0.8,張金鳳,無
新北市中和區民有里,-407,402,809,1866,2426,0.8,謝清炎,無
新北市中和區民生里,-1335,584,1919,2813,3668,0.8,朱朝鶯,無
新北市中和區泰安里,-811,458,1269,2206,3021,0.7,葉玉伴,中國國民黨
新北市中和區清穗里,-390,448,838,2194,2867,0.8,王金定,中國國民黨
新北市中和區漳和里,-1089,478,1567,2460,3338,0.7,劉建盛,無
新北市中和區灰磘里,-218,118,336,493,672,0.7,林鑫宏,無
新北市中和區瑞穗里,-849,280,1129,1518,2012,0.8,陳美華,中國國民黨
新北市中和區瓦磘里,-520,768,1288,3542,4813,0.7,林綺芳,中國國民黨
新北市中和區碧河里,-1521,835,2356,3529,4559,0.8,賴清華,無
新北市中和區福南里,-344,537,881,2628,3629,0.7,邱淑芬,無
新北市中和區福和里,-1244,436,1680,2319,3129,0.7,簡健翔,無
新北市中和區福善里,-1174,612,1786,2786,3763,0.7,陳愷松,中國國民黨
新北市中和區福真里,-1157,572,1729,2682,3641,0.7,蔡昭發,無
新北市中和區福祥里,-754,765,1519,3368,4356,0.8,張昌期,無
新北市中和區福美里,-664,622,1286,2908,3746,0.8,梁迪文,無
新北市中和區秀仁里,-831,464,1295,2093,2824,0.7,陳慶章,中國國民黨
新北市中和區秀士里,-315,358,673,1606,2201,0.7,洪易松,中國國民黨
新北市中和區秀山里,-1185,608,1793,2955,3963,0.7,林秋宇,中國國民黨
新北市中和區秀峰里,-1446,741,2187,3153,4284,0.7,周存炎,中國國民黨
新北市中和區秀成里,-1001,444,1445,2203,2957,0.7,吳金松,中國國民黨
新北市中和區秀明里,-1261,668,1929,3188,4410,0.7,施義男,中國國民黨
新北市中和區秀景里,-1792,864,2656,4151,5596,0.7,李淙河,中國國民黨
新北市中和區秀水里,-809,479,1288,2411,3271,0.7,陳炳男,無
新北市中和區秀福里,-1435,661,2096,3171,4254,0.7,林江西,無
新北市中和區秀義里,-407,373,780,1757,2337,0.8,張文亮,無
新北市中和區積穗里,-1966,1329,3295,5507,7140,0.8,陳致廷,無
新北市中和區自強里,-563,701,1264,3163,4282,0.7,張興順,無
新北市中和區興南里,-474,399,873,1944,2659,0.7,呂明志,中國國民黨
新北市中和區華南里,-1352,668,2020,3218,4374,0.7,林平發,中國國民黨
新北市中和區華新里,-1873,1099,2972,4909,6867,0.7,楊錦煌,無
新北市中和區連和里,-528,378,906,1643,2222,0.7,朱榮凱,中國國民黨
新北市中和區連城里,-1300,967,2267,4276,5610,0.8,林仁凱,中國國民黨
新北市中和區錦中里,-1148,595,1743,2615,3568,0.7,范榮豐,無
新北市中和區錦和里,-1472,779,2251,3456,4613,0.7,林進明,無
新北市中和區錦昌里,-468,361,829,1518,2005,0.8,邱尾玟,中國國民黨
新北市中和區錦盛里,-570,570,1140,2441,3294,0.7,林建全,無
新北市中和區頂南里,-927,393,1320,1868,2498,0.7,謝森儒,中國國民黨
新北市五股區五福里,-439,508,947,2141,2981,0.7,林郁靜,無
新北市五股區五股里,-961,556,1517,2391,3790,0.6,陳蔡燕女,無
新北市五股區五龍里,-488,138,626,858,1177,0.7,陳燕山,無
新北市五股區六福里,-615,587,1202,2415,3448,0.7,謝從慧,無
新北市五股區德泰里,-644,669,1313,2810,3915,0.7,林永賢,無
新北市五股區德音里,-1210,902,2112,3519,4839,0.7,洪世欣,無
新北市五股區成功里,-1536,1599,3135,5334,7400,0.7,簡銘信,無
新北市五股區成州里,-1177,915,2092,3756,5431,0.7,陳林益,無
新北市五股區成德里,-367,480,847,2003,2907,0.7,陳次芬,無
新北市五股區成泰里,-2029,2291,4320,7694,10768,0.7,潘明宏,無
新北市五股區更寮里,-134,161,295,766,1042,0.7,陳仁益,無
新北市五股區民義里,-871,539,1410,2263,3108,0.7,陳添福,無
新北市五股區水碓里,-838,1210,2048,4884,6946,0.7,邱江永,無
新北市五股區福德里,-300,506,806,2040,2976,0.7,楊少芃,無
新北市五股區興珍里,-661,658,1319,2980,4041,0.7,黃朝枝,無
新北市五股區觀音里,-237,152,389,838,1205,0.7,陳金全,無
新北市五股區貿商里,-560,406,966,1995,2627,0.8,蕭明霞,中國國民黨
新北市五股區陸一里,-156,329,485,1689,2292,0.7,王進和,無
新北市五股區集福里,-725,550,1275,2476,3476,0.7,葉玉芳,無
新北市五股區集賢里,-921,683,1604,2686,3728,0.7,陳文賓,無
新北市八里區下罟里,-532,241,773,1058,1443,0.7,汪金傳,無
新北市八里區埤頭里,-651,702,1353,3003,4253,0.7,曾志國,無
新北市八里區大崁里,-640,500,1140,2255,3171,0.7,林秀眞,無
新北市八里區米倉里,-343,573,916,2430,3474,0.7,張恆,無
新北市八里區舊城里,-1704,1009,2713,4389,6418,0.7,陳天發,無
新北市八里區荖阡里,-492,250,742,1093,1600,0.7,楊萬福,無
新北市八里區訊塘里,-1323,815,2138,3443,4823,0.7,張金貴,無
新北市八里區長坑里,-546,210,756,1031,1459,0.7,洪煜豪,無
新北市八里區頂罟里,-504,328,832,1463,2204,0.7,洪志成,無
新北市八里區龍源里,-1972,992,2964,4926,6890,0.7,林俊德,無
新北市土城區中正里,-532,519,1051,2071,2751,0.8,呂聰成,無
新北市土城區員仁里,-1393,817,2210,3552,4930,0.7,洪永富,無
新北市土城區員信里,-965,644,1609,2756,3862,0.7,杜萬來,無
新北市土城區員林里,-701,1581,2282,5826,7587,0.8,蔡黃地,無
新北市土城區員福里,-300,783,1083,3345,4735,0.7,黃崇煒,無
新北市土城區土城里,-546,264,810,1269,1789,0.7,徐信榮,無
新北市土城區埤塘里,-1030,529,1559,2368,4887,0.5,邱顯俊,無
新北市土城區埤林里,-2169,1302,3471,5378,7086,0.8,蔡志紅,無
新北市土城區大安里,-1361,715,2076,3112,4298,0.7,張俊隆,無
新北市土城區學士里,-1301,727,2028,3129,4118,0.8,黃榮葵,中國國民黨
新北市土城區學府里,-851,515,1366,2207,2970,0.7,宮敬家,無
新北市土城區學成里,-579,522,1101,2190,2794,0.8,戴有利,無
新北市土城區安和里,-1208,792,2000,3280,4420,0.7,古秋源,無
新北市土城區峯廷里,-862,983,1845,4372,6241,0.7,林献章,無
新北市土城區平和里,-774,1050,1824,4407,6034,0.7,戴文龍,無
新北市土城區廣福里,-1338,828,2166,3567,4788,0.7,丁科秀,無
新北市土城區廣興里,-780,570,1350,2252,2962,0.8,張淑玲,中國國民黨
新北市土城區延吉里,-1021,556,1577,2573,3698,0.7,楊季堂,無
新北市土城區延和里,-1649,979,2628,4138,5741,0.7,黃富源,無
新北市土城區延壽里,-980,550,1530,2727,3803,0.7,滕月蘭,無
新北市土城區延祿里,-815,563,1378,2489,3556,0.7,周婕,無
新北市土城區廷寮里,-1214,710,1924,3106,4171,0.7,李月嬌,無
新北市土城區復興里,-354,645,999,2839,3829,0.7,潘祝惠,無
新北市土城區日和里,-566,1280,1846,5192,6911,0.8,李福源,無
新北市土城區日新里,-1192,618,1810,2916,3934,0.7,吳信坪,無
新北市土城區明德里,-108,1074,1182,4202,5474,0.8,呂理民,無
新北市土城區柑林里,-735,776,1511,2831,3824,0.7,張育誠,無
新北市土城區樂利里,-553,701,1254,3234,4325,0.7,吳麗美,無
新北市土城區永富里,-1238,880,2118,3492,4880,0.7,黃思儀,無
新北市土城區永寧里,-918,1221,2139,5114,7179,0.7,周清芳,無
新北市土城區永豐里,-1007,664,1671,2782,3792,0.7,黃榮沐,無
新北市土城區沛陂里,-439,733,1172,3069,4218,0.7,王金芬,無
新北市土城區清化里,-431,210,641,1024,1440,0.7,袁慧如,無
新北市土城區清和里,-564,858,1422,3872,5585,0.7,郭真好,無
新北市土城區清水里,-1704,1148,2852,4994,6929,0.7,江純文,無
新北市土城區清溪里,-1726,961,2687,4281,5845,0.7,彭兆鵬,無
新北市土城區瑞興里,-484,411,895,1928,2639,0.7,蔡萬合,無
新北市土城區祖田里,-438,237,675,1048,1452,0.7,呂惠美,無
新北市土城區裕生里,-930,741,1671,3518,4751,0.7,楊忠富,無
新北市土城區貨饒里,-330,740,1070,3074,4146,0.7,周根本,無
新北市土城區金城里,-1063,953,2016,3701,5248,0.7,黃郁惠,無
新北市土城區長風里,-615,263,878,1405,1761,0.8,石忠利,中國國民黨
新北市土城區青山里,-375,425,800,1880,2576,0.7,姚韋華,無
新北市土城區青雲里,-752,634,1386,2312,3126,0.7,廖特青,無
新北市土城區頂埔里,-1101,699,1800,3044,4307,0.7,林忠謀,無
新北市土城區頂新里,-775,491,1266,1963,2595,0.8,許元皇,無
新北市土城區頂福里,-1304,749,2053,3364,4741,0.7,顏義信,無
新北市坪林區上德里,-258,84,342,543,815,0.7,陳金山,無
新北市坪林區坪林里,-290,144,434,893,1247,0.7,陳錦發,無
新北市坪林區大林里,-376,107,483,763,1085,0.7,李秋勝,無
新北市坪林區水德里,-144,64,208,481,642,0.7,鐘國賓,無
新北市坪林區漁光里,-305,44,349,507,826,0.6,白珮嫺,無
新北市坪林區石𥕢里,-100,38,138,264,406,0.7,鐘清良,無
新北市坪林區粗窟里,-247,85,332,584,831,0.7,李志忠,無
新北市平溪區十分里,-222,52,274,481,768,0.6,王瑞麟,無
新北市平溪區南山里,-153,28,181,206,312,0.7,林再來,無
新北市平溪區嶺腳里,-261,47,308,321,557,0.6,陳銘哲,無
新北市平溪區平湖里,-77,21,98,114,152,0.8,林燈源,無
新北市平溪區平溪里,-105,20,125,139,219,0.6,高文城,無
新北市平溪區新寮里,-89,8,97,101,143,0.7,胡兩泉,無
新北市平溪區望古里,-76,17,93,97,149,0.7,林寶玫,無
新北市平溪區東勢里,-194,19,213,279,403,0.7,李明宏,無
新北市平溪區白石里,-96,21,117,161,217,0.7,賴明焜,無
新北市平溪區石底里,-181,38,219,273,375,0.7,楊鄭財,無
新北市平溪區菁桐里,-77,19,96,149,227,0.7,胡秀金,無
新北市平溪區薯榔里,-170,29,199,223,341,0.7,潘隆裕,無
新北市新店區下城里,-887,359,1246,2028,2899,0.7,廖瓊瑤,無
新北市新店區中央里,-1482,743,2225,4017,5272,0.8,楊友琪,無
新北市新店區中山里,-1555,1093,2648,5002,6443,0.8,潘威志,無
新北市新店區中正里,-604,752,1356,3935,5329,0.7,辜鳳琴,中國國民黨
新北市新店區中興里,-624,759,1383,3825,6951,0.6,張正義,中國國民黨
新北市新店區中華里,-1248,568,1816,2917,3977,0.7,邱湘羚,無
新北市新店區五峯里,-2188,1007,3195,5054,6836,0.7,陳淑美,中國國民黨
新北市新店區仁愛里,-385,233,618,1327,1798,0.7,蔡伯健,中國國民黨
新北市新店區信義里,-1721,849,2570,4427,5900,0.8,林木己,中國國民黨
新北市新店區公崙里,-3163,2045,5208,8603,11720,0.7,游炎嵐,中國國民黨
新北市新店區吉祥里,-851,624,1475,3055,4198,0.7,林永輝,中國國民黨
新北市新店區和平里,-447,242,689,1050,1466,0.7,閻培樞,中國國民黨
新北市新店區員潭里,-366,693,1059,3324,4670,0.7,施美女,無
新北市新店區國校里,-355,319,674,1650,2277,0.7,郭儒鈞,中國國民黨
新北市新店區國豐里,-950,376,1326,1998,2713,0.7,顏榮宏,中國國民黨
新北市新店區塗潭里,-360,87,447,593,889,0.7,邱秀雄,無
新北市新店區大同里,-1222,510,1732,2624,3355,0.8,俞賢明,無
新北市新店區大豐里,-822,464,1286,2380,3166,0.8,張厚仁,無
新北市新店區大鵬里,-989,298,1287,1886,2468,0.8,喬天鼎,中國國民黨
新北市新店區太平里,-412,434,846,2026,2754,0.7,李謝素珍,中國國民黨
新北市新店區安和里,-1912,1148,3060,5095,6956,0.7,劉淑美,中國國民黨
新北市新店區安昌里,-1592,817,2409,3615,4831,0.7,范姜玉嬌,中國國民黨
新北市新店區寶安里,-1266,662,1928,3556,4795,0.7,宋美雪,中國國民黨
新北市新店區寶福里,-394,966,1360,4724,6310,0.7,江淑芬,無
新北市新店區寶興里,-1402,697,2099,3711,4905,0.8,周宥竣,中國國民黨
新北市新店區小城里,-814,509,1323,2430,3240,0.8,郭仁澤,中國國民黨
新北市新店區屈尺里,-427,259,686,1608,2299,0.7,唐萬居,無
新北市新店區廣明里,-234,100,334,558,776,0.7,張添財,無
新北市新店區廣興里,-344,111,455,840,1236,0.7,吳進興,無
新北市新店區建國里,-1091,373,1464,1978,2724,0.7,蘇高雪嬌,無
新北市新店區張北里,-1203,1240,2443,5993,8116,0.7,鄭富濃,中國國民黨
新北市新店區張南里,-731,315,1046,1670,2286,0.7,林國榮,中國國民黨
新北市新店區復興里,-903,390,1293,1976,2866,0.7,劉洪珠,中國國民黨
新北市新店區德安里,-1502,763,2265,3718,5256,0.7,丁萬貴,無
新北市新店區忠孝里,-572,318,890,1820,2509,0.7,游皓麟,中國國民黨
新北市新店區忠誠里,-304,290,594,1639,2135,0.8,蔡雯芳,無
新北市新店區文中里,-586,251,837,1164,1582,0.7,劉閔禮,中國國民黨
新北市新店區文明里,-421,317,738,1665,2215,0.8,彭永珍,無
新北市新店區新和里,-1056,586,1642,2607,3588,0.7,仇雅彤,中國國民黨
新北市新店區新安里,-714,532,1246,2617,3563,0.7,黃建福,中國國民黨
新北市新店區新店里,-310,226,536,1147,1598,0.7,陳文德,無
新北市新店區新德里,-316,329,645,1663,2324,0.7,陳炳漢,無
新北市新店區新生里,-1691,692,2383,3822,5102,0.7,黃頌之,中國國民黨
新北市新店區日興里,-991,706,1697,3476,5148,0.7,廖景春,無
新北市新店區明城里,-445,462,907,2290,3115,0.7,蘇善榛,無
新北市新店區明德里,-784,570,1354,2602,3523,0.7,許漢隆,中國國民黨
新北市新店區柴埕里,-791,1274,2065,5633,7940,0.7,洪士宏,無
新北市新店區永安里,-1477,658,2135,3198,4451,0.7,林清一,無
新北市新店區永平里,-776,785,1561,3531,4832,0.7,林木山,中國國民黨
新北市新店區江陵里,-1673,722,2395,3656,4876,0.7,葉金珠,中國國民黨
新北市新店區玫瑰里,-686,824,1510,3742,5238,0.7,施天賜,中國國民黨
新北市新店區百和里,-959,410,1369,2088,2808,0.7,陳先鳴,中國國民黨
新北市新店區百忍里,-1223,463,1686,2393,3224,0.7,陳建利,中國國民黨
新北市新店區百福里,-735,523,1258,2487,3314,0.8,林燕玲,無
新北市新店區直潭里,-353,124,477,842,1168,0.7,林家榮,無
新北市新店區福德里,-1099,480,1579,2394,3333,0.7,張元亨,中國國民黨
新北市新店區福民里,-1172,529,1701,2715,3706,0.7,盧浩賢,中國國民黨
新北市新店區粗坑里,-550,354,904,1965,2755,0.7,王青偉,無
新北市新店區美城里,-842,363,1205,1734,2431,0.7,翁智冠,無
新北市新店區美潭里,-1380,721,2101,3340,4655,0.7,簡明峰,無
新北市新店區華城里,-881,330,1211,1936,2631,0.7,花秋賢,無
新北市新店區達觀里,-1167,539,1706,2678,3627,0.7,金威,無
新北市新店區長春里,-802,323,1125,1735,2262,0.8,李傳傑,中國國民黨
新北市新店區雙坑里,-179,63,242,464,692,0.7,周興旺,無
新北市新店區雙城里,-1463,742,2205,3668,5276,0.7,黃燦煌,無
新北市新店區青潭里,-1268,754,2022,3446,4853,0.7,林岑郁,無
新北市新店區頂城里,-479,190,669,937,1426,0.7,王明籐,無
新北市新店區香坡里,-665,1583,2248,7535,10504,0.7,郭永城,無
新北市新店區龜山里,-248,173,421,1043,1584,0.7,高義良,無
新北市新莊區中信里,-1841,1346,3187,5297,7089,0.7,林阿元,無
新北市新莊區中全里,-767,507,1274,2130,2986,0.7,陳柏廷,無
新北市新莊區中原里,-444,2470,2914,9026,11980,0.8,黃永昌,無
新北市新莊區中和里,-1331,653,1984,2915,3962,0.7,林孟鴻,無
新北市新莊區中宏里,-713,634,1347,2324,3144,0.7,洪少欽,無
新北市新莊區中平里,-415,1693,2108,6082,7972,0.8,林建良,無
新北市新莊區中泰里,-742,610,1352,2697,3748,0.7,郭樹琳,中國國民黨
新北市新莊區中港里,-980,963,1943,3926,5224,0.8,高忠傑,無
新北市新莊區中美里,-1587,959,2546,3872,5123,0.8,陳明卿,民主進步黨
新北市新莊區中華里,-893,437,1330,1860,2433,0.8,陳敬波,無
新北市新莊區中誠里,-536,288,824,1302,1828,0.7,沈丁子,無
新北市新莊區中隆里,-1087,884,1971,3415,4633,0.7,吳清標,無
新北市新莊區丹鳳里,-1683,1328,3011,5338,7595,0.7,林永傑,無
新北市新莊區仁愛里,-892,342,1234,1573,2257,0.7,吳俊聲,無
新北市新莊區仁義里,-402,485,887,2257,3146,0.7,陳文一,民主進步黨
新北市新莊區信義里,-1291,748,2039,3198,4403,0.7,吳秋桂,無
新北市新莊區光和里,-629,399,1028,1650,2349,0.7,林光燦,無
新北市新莊區光明里,-1159,721,1880,2909,4112,0.7,廖榮裕,無
新北市新莊區光榮里,-762,629,1391,2725,3814,0.7,張湘琪,無
新北市新莊區光正里,-418,686,1104,2679,3710,0.7,陳通助,無
新北市新莊區光華里,-622,986,1608,4189,5981,0.7,呂芳錦,無
新北市新莊區全安里,-1384,638,2022,2883,3806,0.8,蔡明祥,無
新北市新莊區全泰里,-1441,691,2132,3195,4158,0.8,陳哲郎,無
新北市新莊區八德里,-250,420,670,1934,2682,0.7,程俊勲,無
新北市新莊區化成里,-141,649,790,2588,3487,0.7,陳裔興,無
新北市新莊區南港里,-1381,822,2203,3307,4513,0.7,林朝基,無
新北市新莊區合鳳里,-709,642,1351,2711,3862,0.7,林永憲,無
新北市新莊區和平里,-639,714,1353,2951,4034,0.7,蔡河彬,民主進步黨
新北市新莊區四維里,-919,637,1556,2712,3972,0.7,吳岳澤,無
新北市新莊區國泰里,-351,173,524,838,1156,0.7,陳金乾,無
新北市新莊區富國里,-341,324,665,1436,1982,0.7,許游美蘭,無
新北市新莊區富民里,-929,620,1549,2455,3350,0.7,陳清泉,無
新北市新莊區幸福里,-777,602,1379,2629,3653,0.7,盧美玉,無
新北市新莊區建安里,-748,1065,1813,4287,5815,0.7,王永華,無
新北市新莊區建福里,-650,372,1022,1590,2115,0.8,劉金祥,無
新北市新莊區後德里,-874,443,1317,1988,2588,0.8,劉臺鳳,無
新北市新莊區後港里,-164,1161,1325,4628,6111,0.8,邱冠豪,無
新北市新莊區忠孝里,-1340,762,2102,3366,4438,0.8,林長川,無
新北市新莊區思源里,-1246,765,2011,3327,4523,0.7,沈明耀,民主進步黨
新北市新莊區思賢里,-507,647,1154,2749,3606,0.8,楊祐全,無
新北市新莊區恆安里,-1156,605,1761,2767,3719,0.7,蔡陳恒菊,無
新北市新莊區成德里,-1015,700,1715,3023,4266,0.7,王義寬,無
新北市新莊區文德里,-531,268,799,1163,1543,0.8,陳圓光,無
新北市新莊區文明里,-391,210,601,1083,1456,0.7,張魏春花,無
新北市新莊區文聖里,-1104,445,1549,2236,2964,0.8,蔣添榮,中國國民黨
新北市新莊區文衡里,-668,305,973,1423,1823,0.8,王慶順,無
新北市新莊區昌信里,-860,667,1527,2440,3222,0.8,柯明啓,無
新北市新莊區昌平里,-1211,1777,2988,6013,7971,0.8,林玉華,中國國民黨
新北市新莊區昌明里,-546,553,1099,2298,3064,0.8,呂嘉群,無
新北市新莊區昌隆里,-449,706,1155,2857,3775,0.8,吳益昌,無
新北市新莊區榮和里,-803,508,1311,2256,5248,0.4,黃希義,中國國民黨
新北市新莊區民全里,-1069,557,1626,2337,3173,0.7,張文興,無
新北市新莊區民安里,-485,925,1410,3619,4961,0.7,黃科銘,無
新北市新莊區民有里,-498,659,1157,2583,3421,0.8,吳坤郎,無
新北市新莊區民本里,-536,427,963,1785,2549,0.7,陳秋月,無
新北市新莊區泰豐里,-469,389,858,1602,2222,0.7,王珮宇,無
新北市新莊區海山里,-795,725,1520,3500,4716,0.7,童滿金,無
新北市新莊區營盤里,-329,236,565,1120,1504,0.7,林宗暉,無
新北市新莊區瓊林里,-1426,668,2094,2998,4221,0.7,吳佳擇,無
新北市新莊區祥鳳里,-758,345,1103,1479,2051,0.7,賴俊良,無
新北市新莊區福基里,-1056,1065,2121,3824,5087,0.8,王曜輝,無
新北市新莊區福營里,-562,328,890,1507,2075,0.7,廖皇源,無
新北市新莊區福興里,-1315,970,2285,3946,5269,0.7,楊明教,無
新北市新莊區立人里,-616,280,896,1262,1659,0.8,吳碧麗,無
新北市新莊區立功里,-987,496,1483,2189,3088,0.7,陳易澤,無
新北市新莊區立基里,-1628,914,2542,3946,5167,0.8,張中貞,無
新北市新莊區立廷里,-2811,2121,4932,7691,10128,0.8,許任銘,中國國民黨
新北市新莊區立德里,-564,334,898,1620,2174,0.7,莊玉雲,無
新北市新莊區立志里,-676,573,1249,2462,3281,0.8,陳立,無
新北市新莊區立泰里,-533,714,1247,3157,4279,0.7,許文章,無
新北市新莊區立言里,-929,709,1638,3135,4146,0.8,劉進益,無
新北市新莊區自信里,-653,361,1014,1567,2131,0.7,林秋雲,無
新北市新莊區自強里,-709,320,1029,1524,2256,0.7,柯蔡阿菜,無
新北市新莊區自立里,-1212,712,1924,3265,4527,0.7,吳東杉,無
新北市新莊區興漢里,-839,478,1317,2164,2841,0.8,簡明德,中國國民黨
新北市新莊區萬安里,-411,536,947,2299,3176,0.7,游綉蓮,無
新北市新莊區裕民里,-884,933,1817,4136,5821,0.7,林秋福,無
新北市新莊區西盛里,-2489,2201,4690,8184,11109,0.7,陳金田,無
新北市新莊區豐年里,-473,512,985,2300,3102,0.7,林麗華,無
新北市新莊區雙鳳里,-2363,1916,4279,7181,9916,0.7,潘素娥,無
新北市新莊區頭前里,-467,1828,2295,6959,9252,0.8,黃國訓,無
新北市新莊區龍安里,-268,315,583,1361,1989,0.7,吳庭妤,無
新北市新莊區龍福里,-419,342,761,1380,1924,0.7,陳立維,無
新北市新莊區龍鳳里,-349,1796,2145,6446,8613,0.7,林清原,無
新北市板橋區中山里,-854,1077,1931,4389,6096,0.7,林爽,無
新北市板橋區中正里,-1164,1278,2442,4662,6197,0.8,林煌益,無
新北市板橋區九如里,-873,353,1226,1815,2468,0.7,李建重,無
新北市板橋區五權里,-960,594,1554,2569,3477,0.7,吳童,無
新北市板橋區仁愛里,-534,439,973,1974,2586,0.8,葉中正,中國國民黨
新北市板橋區仁翠里,-846,340,1186,1823,2435,0.7,陳金泉,無
新北市板橋區介壽里,-420,380,800,1888,2561,0.7,陳慧敏,無
新北市板橋區信義里,-855,574,1429,2635,3739,0.7,黃閎源,無
新北市板橋區僑中里,-571,626,1197,2646,3600,0.7,柯秀月,無
新北市板橋區光仁里,-717,376,1093,1749,2342,0.7,謝昌佳,無
新北市板橋區光復里,-431,455,886,2131,2883,0.7,王俊智,無
新北市板橋區光榮里,-357,337,694,1633,2155,0.8,林水壽,無
新北市板橋區光華里,-857,365,1222,1696,2245,0.8,周秀美,無
新北市板橋區公舘里,-1119,505,1624,2420,3237,0.7,陳黃逽,無
新北市板橋區吉翠里,-1078,487,1565,2363,3152,0.7,陳清玉,無
新北市板橋區和平里,-668,690,1358,2617,3394,0.8,李蔡春花,無
新北市板橋區國光里,-481,485,966,2564,3239,0.8,古炳丁,無
新北市板橋區國泰里,-670,472,1142,2283,3018,0.8,陳志煉,無
新北市板橋區埔墘里,-1580,883,2463,4100,5457,0.8,曾啟瑜,無
新北市板橋區埤墘里,-1241,641,1882,2735,3652,0.7,蘇琮貴,無
新北市板橋區堂春里,-1014,625,1639,2591,3576,0.7,劉世標,無
新北市板橋區大安里,-591,570,1161,2541,3407,0.7,陳勇鎬,無
新北市板橋區大觀里,-839,488,1327,2199,3057,0.7,何明山,無
新北市板橋區大豐里,-1386,629,2015,2921,3912,0.7,張錦堂,無
新北市板橋區宏翠里,-607,915,1522,3736,4951,0.8,黃一晉,無
新北市板橋區富貴里,-712,305,1017,1523,1985,0.8,詹汝,無
新北市板橋區居仁里,-901,607,1508,2520,3334,0.8,郭新芳,無
新北市板橋區崑崙里,-1392,1397,2789,5992,8317,0.7,魏烽智,無
新北市板橋區嵐翠里,-700,312,1012,1533,2040,0.8,林彥綱,無
新北市板橋區幸福里,-309,554,863,2478,3417,0.7,吳朝琦,無
新北市板橋區廣德里,-1867,924,2791,4329,5868,0.7,周建和,無
新北市板橋區廣新里,-850,461,1311,2114,2960,0.7,黃明和,無
新北市板橋區廣福里,-148,533,681,2397,3354,0.7,趙桂菊,無
新北市板橋區建國里,-595,480,1075,2220,2935,0.8,李金城,無
新北市板橋區後埔里,-508,500,1008,2456,3253,0.8,林義壽,無
新北市板橋區復興里,-207,96,303,625,816,0.8,郭宗輝,無
新北市板橋區德翠里,-606,1057,1663,4550,5982,0.8,吳偉嘉,無
新北市板橋區忠翠里,-2279,1619,3898,6909,8927,0.8,張慎芝,無
新北市板橋區忠誠里,-1356,578,1934,2795,3513,0.8,陳玉蘭,中國國民黨
新北市板橋區懷翠里,-455,903,1358,3825,5224,0.7,蘇俊輝,無
新北市板橋區成和里,-1551,1117,2668,4309,6017,0.7,鄧月茶,無
新北市板橋區振義里,-661,575,1236,2729,3625,0.8,呂志祥,無
新北市板橋區振興里,-583,570,1153,2856,3799,0.8,柯仁傑,無
新北市板橋區挹秀里,-287,212,499,1185,1558,0.8,張麗華,無
新北市板橋區文化里,-471,450,921,2142,2880,0.7,莊英杰,無
新北市板橋區文德里,-870,518,1388,2171,2852,0.8,賴錦賜,無
新北市板橋區文翠里,-1162,557,1719,2563,3384,0.8,王永源,無
新北市板橋區文聖里,-863,524,1387,2505,3304,0.8,楊仁瑰,無
新北市板橋區新埔里,-367,260,627,1406,1796,0.8,陳芷庭,無
新北市板橋區新民里,-571,544,1115,2702,3540,0.8,陳博盛,無
新北市板橋區新海里,-488,462,950,2156,2895,0.7,宋靜庭,無
新北市板橋區新生里,-797,579,1376,2730,3571,0.8,王保利,無
新北市板橋區新翠里,-803,1157,1960,5297,6969,0.8,陳水杉,無
新北市板橋區新興里,-721,444,1165,2018,2865,0.7,羅朝慶,無
新北市板橋區明翠里,-1097,637,1734,2994,4064,0.7,沈德發,無
新北市板橋區景星里,-883,475,1358,2248,3058,0.7,林志成,無
新北市板橋區朝陽里,-513,428,941,2150,2874,0.7,陳文成,無
新北市板橋區東丘里,-568,583,1151,2874,3816,0.8,黃淑姿,無
新北市板橋區東安里,-678,300,978,1460,1936,0.8,陳聰騰,無
新北市板橋區松柏里,-718,325,1043,1515,1955,0.8,王宏志,無
新北市板橋區松翠里,-756,400,1156,2057,2835,0.7,林阿萬,無
新北市板橋區柏翠里,-736,785,1521,3289,4479,0.7,林陳秀菊,無
新北市板橋區歡園里,-361,149,510,756,1015,0.7,王國龍,無
新北市板橋區正泰里,-313,407,720,1941,2510,0.8,羅祐祥,無
新北市板橋區民安里,-495,268,763,1338,1720,0.8,吳致宏,中國國民黨
新北市板橋區民族里,-548,673,1221,2895,3781,0.8,葉成和,無
新北市板橋區民權里,-419,351,770,1779,2292,0.8,黃泰傑,無
新北市板橋區民生里,-301,308,609,1423,1852,0.8,潘旭昇,無
新北市板橋區永安里,-1035,543,1578,2348,3068,0.8,高導民,無
新北市板橋區江翠里,-1369,674,2043,3257,4490,0.7,蔡明輝,無
新北市板橋區流芳里,-398,169,567,869,1193,0.7,陳建雄,中國國民黨
新北市板橋區浮洲里,-640,492,1132,2271,3180,0.7,賴姿吟,無
新北市板橋區海山里,-171,1092,1263,4820,6285,0.8,洪正明,無
新北市板橋區深丘里,-2107,1037,3144,5170,6958,0.7,陳廉誠,無
新北市板橋區港嘴里,-769,792,1561,3818,5171,0.7,鄭景耀,無
新北市板橋區港尾里,-387,402,789,1871,2381,0.8,張又云,無
新北市板橋區港德里,-584,592,1176,2899,4010,0.7,黃培鉅,無
新北市板橋區湳興里,-560,727,1287,3225,4441,0.7,洪雅鈴,無
新北市板橋區溪北里,-870,522,1392,2259,3013,0.7,黃炳南,無
新北市板橋區溪洲里,-1379,829,2208,3617,4976,0.7,王山崎,無
新北市板橋區溪福里,-1490,2227,3717,8738,11908,0.7,楊秋菊,無
新北市板橋區溪頭里,-448,1692,2140,6160,8130,0.8,余柏緯,無
新北市板橋區滿翠里,-452,363,815,1853,2586,0.7,林重光,無
新北市板橋區漢生里,-1169,572,1741,2732,3574,0.8,蕭水文,無
新北市板橋區玉光里,-1167,787,1954,3325,4559,0.7,曾國旃,無
新北市板橋區留侯里,-473,233,706,1032,1351,0.8,黃承亮,無
新北市板橋區百壽里,-407,383,790,1767,2322,0.8,林華偉,無
新北市板橋區社後里,-869,876,1745,4089,8877,0.5,莊晉貴,無
新北市板橋區福丘里,-719,678,1397,3105,4141,0.7,謝徐金蓮,中國國民黨
新北市板橋區福壽里,-505,463,968,2155,2835,0.8,許明順,無
新北市板橋區福安里,-772,1247,2019,4826,6429,0.8,紀懿容,無
新北市板橋區福德里,-659,652,1311,3198,4224,0.8,劉慧琳,無
新北市板橋區福星里,-1026,463,1489,2296,2955,0.8,朱泰霖,無
新北市板橋區福祿里,-1037,562,1599,2522,3457,0.7,呂春蘭,中國國民黨
新北市板橋區福翠里,-421,182,603,824,1164,0.7,陳嘉生,無
新北市板橋區純翠里,-1309,791,2100,3534,4752,0.7,禇仁德,無
新北市板橋區聚安里,-1371,667,2038,3175,4448,0.7,蔡世川,無
新北市板橋區聯翠里,-817,517,1334,2387,3254,0.7,吳麗梅,無
新北市板橋區自強里,-1632,617,2249,3287,4264,0.8,張雪嬰,無
新北市板橋區自立里,-571,373,944,1793,2389,0.8,呂建同,無
新北市板橋區莊敬里,-969,671,1640,2746,3479,0.8,戴清芳,無
新北市板橋區莒光里,-591,363,954,1754,2308,0.8,呂永欽,無
新北市板橋區華中里,-1360,730,2090,3205,4431,0.7,黃榮煌,民主進步黨
新北市板橋區華德里,-782,978,1760,4364,5996,0.7,陳寶銓,無
新北市板橋區華東里,-2206,1148,3354,5334,6996,0.8,王典芳,無
新北市板橋區華江里,-1341,996,2337,4598,6004,0.8,黃發達,無
新北市板橋區華福里,-377,265,642,1268,1666,0.8,陳素玉,無
新北市板橋區華翠里,-343,469,812,2229,2930,0.8,洪燕美,無
新北市板橋區華興里,-1198,585,1783,2706,3617,0.7,劉憲鐘,無
新北市板橋區華貴里,-870,314,1184,1606,2165,0.7,林榮彩,無
新北市板橋區西安里,-385,340,725,1697,2253,0.8,莊淑慧,無
新北市板橋區赤松里,-327,145,472,661,876,0.8,林文傑,無
新北市板橋區鄉雲里,-1093,555,1648,2447,3261,0.8,謝秀娥,無
新北市板橋區重慶里,-2032,1238,3270,5382,7366,0.7,許鳳霞,無
新北市板橋區金華里,-577,516,1093,2431,3325,0.7,洪宗信,無
新北市板橋區長壽里,-421,392,813,1873,2486,0.8,李俊中,無
新北市板橋區長安里,-1186,625,1811,2761,3611,0.8,陳聰文,無
新北市板橋區陽明里,-399,343,742,1740,2326,0.7,王源興,無
新北市板橋區雙玉里,-1220,558,1778,2545,3435,0.7,王聰震,無
新北市板橋區青翠里,-444,389,833,1908,2603,0.7,林森照,無
新北市板橋區香丘里,-483,475,958,2211,3021,0.7,蘇淑芳,無
新北市板橋區香社里,-655,675,1330,2977,3921,0.8,林勝隆,無
新北市板橋區香雅里,-684,478,1162,1818,2459,0.7,謝淑姿,無
新北市板橋區黃石里,-337,148,485,760,1010,0.8,吳聰榮,中國國民黨
新北市板橋區龍安里,-517,342,859,1763,2354,0.7,黃春生,無
新北市板橋區龍翠里,-1226,718,1944,3215,4279,0.8,張振發,無
新北市林口區下福里,-539,174,713,877,1186,0.7,李美玉,無
新北市林口區中湖里,-832,897,1729,3335,4644,0.7,陳國珍,無
新北市林口區仁愛里,-303,1085,1388,4403,6006,0.7,劉鴻橋,中國國民黨
新北市林口區南勢里,-1937,4747,6684,17582,23663,0.7,陳國烝,無
新北市林口區嘉寶里,-483,117,600,649,869,0.7,黃建邦,無
新北市林口區太平里,-280,260,540,1025,1409,0.7,謝玉祥,無
新北市林口區東勢里,-838,1111,1949,4743,6535,0.7,李文基,無
新北市林口區東林里,-1130,451,1581,2331,3314,0.7,陳洪賓,無
新北市林口區林口里,-582,724,1306,3295,4790,0.7,蘇夏宗,無
新北市林口區湖北里,-587,181,768,971,1283,0.8,張文清,無
新北市林口區湖南里,-2773,4349,7122,16663,22767,0.7,黃清龍,中國國民黨
新北市林口區瑞平里,-115,103,218,533,733,0.7,洪淑芬,無
新北市林口區菁湖里,-1249,559,1808,2692,3651,0.7,林益興,無
新北市林口區西林里,-2485,1614,4099,6991,9839,0.7,王國華,無
新北市林口區頂福里,-385,107,492,678,962,0.7,蘇源和,無
新北市林口區麗園里,-1030,577,1607,2547,3467,0.7,黃添福,無
新北市林口區麗林里,-1957,1336,3293,5566,7602,0.7,薛純良,無
新北市樹林區三多里,-841,558,1399,2358,3435,0.7,吳謝秀琴,無
新北市樹林區三福里,-319,508,827,2390,3317,0.7,張致遠,無
新北市樹林區三興里,-959,614,1573,2692,4021,0.7,王永村,無
新北市樹林區三龍里,-555,348,903,1390,1803,0.8,周淑甘,無
新北市樹林區中山里,-1587,735,2322,3366,4699,0.7,簡炎輝,無
新北市樹林區中華里,-821,518,1339,2048,2914,0.7,張美珠,無
新北市樹林區保安里,-682,927,1609,3896,5289,0.7,李錫寶,無
新北市樹林區光興里,-498,606,1104,2535,3518,0.7,何明峰,無
新北市樹林區北園里,-269,318,587,1377,1881,0.7,王仲卿,無
新北市樹林區南園里,-1757,2215,3972,9235,12530,0.7,李培鈺,無
新北市樹林區和平里,-382,537,919,2357,3282,0.7,洪崑松,無
新北市樹林區圳安里,-947,548,1495,2329,3195,0.7,許進旺,無
新北市樹林區圳民里,-680,433,1113,1810,2493,0.7,王墘,無
新北市樹林區圳生里,-430,209,639,1020,1374,0.7,簡敬豪,無
新北市樹林區圳福里,-1187,629,1816,2693,3774,0.7,蘇益和,無
新北市樹林區坡內里,-305,252,557,1090,1484,0.7,陳譽丰,無
新北市樹林區大同里,-710,529,1239,2246,2978,0.8,許進旺,無
新北市樹林區太順里,-694,390,1084,1630,2352,0.7,蔣榮井,無
新北市樹林區山佳里,-519,867,1386,3615,4985,0.7,張進宗,無
新北市樹林區彭厝里,-318,699,1017,2992,4197,0.7,蕭廷輝,無
新北市樹林區彭福里,-485,879,1364,3402,4800,0.7,楊世元,無
新北市樹林區彭興里,-550,881,1431,3463,4975,0.7,賴文義,無
新北市樹林區文林里,-382,764,1146,3228,4358,0.7,甘永昌,無
新北市樹林區東園里,-373,224,597,1063,1501,0.7,陳兩進,無
新北市樹林區東山里,-415,463,878,1984,2755,0.7,高健市,無
新北市樹林區東昇里,-689,805,1494,3229,4308,0.7,詹麒叡,中國國民黨
新北市樹林區東陽里,-1403,836,2239,3636,5063,0.7,林耿邦,無
新北市樹林區柑園里,-496,1489,1985,6214,8247,0.8,詹志昌,無
新北市樹林區樂山里,-482,285,767,1278,1776,0.7,廖文斌,無
新北市樹林區樹人里,-877,476,1353,1995,2716,0.7,邱世昌,無
新北市樹林區樹北里,-333,111,444,629,833,0.8,林俊明,無
新北市樹林區樹南里,-1050,595,1645,2624,3519,0.7,邱垂章,無
新北市樹林區樹德里,-715,492,1207,2366,3072,0.8,陳雲明,無
新北市樹林區樹東里,-153,161,314,765,1024,0.7,張木科,無
新北市樹林區樹福里,-605,495,1100,2368,3056,0.8,廖訂印,無
新北市樹林區樹興里,-922,541,1463,2283,3131,0.7,詹美齡,無
新北市樹林區樹西里,-626,712,1338,3301,4333,0.8,朱國豐,無
新北市樹林區潭底里,-1003,540,1543,2515,4376,0.6,許萬來,無
新北市樹林區獇寮里,-548,635,1183,2948,4256,0.7,曾世賢,無
新北市樹林區育英里,-814,522,1336,2108,2748,0.8,詹炳新,無
新北市樹林區西園里,-609,247,856,1081,1568,0.7,陳振彥,無
新北市樹林區金寮里,-962,621,1583,2698,3774,0.7,楊淑惠,無
新北市永和區上林里,-1015,429,1444,2196,2976,0.7,林維楠,中國國民黨
新北市永和區上溪里,-165,213,378,1187,1660,0.7,賴碧鑾,中國國民黨
新北市永和區下溪里,-1254,648,1902,2992,3959,0.8,林敏德,中國國民黨
新北市永和區中溪里,-357,702,1059,3212,4304,0.7,吳春玉,中國國民黨
新北市永和區中興里,-646,413,1059,2047,2795,0.7,林東誼,中國國民黨
新北市永和區仁愛里,-843,365,1208,1832,2369,0.8,李天助,中國國民黨
新北市永和區保安里,-1657,943,2600,4493,5935,0.8,許承煬,中國國民黨
新北市永和區保平里,-1098,667,1765,3078,4033,0.8,王春琇,無
新北市永和區保順里,-2438,1504,3942,6809,9058,0.8,林葉成,中國國民黨
新北市永和區信義里,-404,303,707,1651,2246,0.7,莊瑞雲,無
新北市永和區光復里,-346,220,566,1097,1480,0.7,張漢坤,無
新北市永和區光明里,-498,389,887,1952,2531,0.8,呂嘉慧,中國國民黨
新北市永和區前溪里,-613,277,890,1366,1852,0.7,方金源,中國國民黨
新北市永和區勵行里,-272,165,437,780,1069,0.7,洪敏,中國國民黨
新北市永和區協和里,-897,347,1244,1878,2519,0.7,陳昱庭,中國國民黨
新北市永和區和平里,-1210,600,1810,2963,4095,0.7,柳舒雲,中國國民黨
新北市永和區大同里,-332,129,461,689,933,0.7,陳健蒼,中國國民黨
新北市永和區大新里,-545,349,894,1722,2248,0.8,朱文燦,中國國民黨
新北市永和區安和里,-437,503,940,2529,3297,0.8,王盈芳,中國國民黨
新北市永和區店街里,-489,531,1020,2602,3569,0.7,王訢人,無
新北市永和區後溪里,-569,271,840,1336,1775,0.8,莊銘淵,民主進步黨
新北市永和區得和里,-701,552,1253,2692,3571,0.8,蔡綉花,中國國民黨
新北市永和區復興里,-665,294,959,1532,2060,0.7,葉斯修,中國國民黨
新北市永和區忠義里,-198,77,275,504,668,0.8,陳英偉,中國國民黨
新北市永和區文化里,-827,365,1192,1767,2395,0.7,陳水上,中國國民黨
新北市永和區新廍里,-367,278,645,1449,1915,0.8,紀詠心,無
新北市永和區新生里,-281,143,424,614,852,0.7,姜銀英,中國國民黨
新北市永和區智光里,-802,440,1242,1950,2722,0.7,趙珮蓁,中國國民黨
新北市永和區桂林里,-454,487,941,2292,3167,0.7,盧宣蓉,無
新北市永和區正興里,-352,263,615,1397,1923,0.7,江貴滿,中國國民黨
新北市永和區民富里,-724,399,1123,1802,2432,0.7,林士翔,中國國民黨
新北市永和區民族里,-748,569,1317,2883,3855,0.7,張淑美,中國國民黨
新北市永和區民本里,-488,499,987,2381,3316,0.7,曹麗莉,無
新北市永和區民樂里,-1120,568,1688,2929,3852,0.8,潘慶忠,中國國民黨
新北市永和區民權里,-1095,600,1695,2807,3749,0.7,鄭文昌,中國國民黨
新北市永和區民治里,-824,340,1164,1734,2413,0.7,陳以樂,中國國民黨
新北市永和區民生里,-711,455,1166,2452,3274,0.7,黃新旺,無
新北市永和區水源里,-1030,521,1551,2483,3316,0.7,柯義和,中國國民黨
新北市永和區永元里,-517,630,1147,2965,3934,0.8,呂卓春英,中國國民黨
新北市永和區永安里,-683,573,1256,2724,3568,0.8,陳欽宗,中國國民黨
新北市永和區永成里,-323,116,439,636,879,0.7,周國良,中國國民黨
新北市永和區永樂里,-376,337,713,1483,2010,0.7,許政鎧,中國國民黨
新北市永和區永福里,-421,367,788,1784,2325,0.8,陳紫渝,無
新北市永和區永興里,-757,406,1163,1905,2681,0.7,陳錦松,中國國民黨
新北市永和區永貞里,-833,404,1237,2105,2819,0.7,薛凌亞,無
新北市永和區河堤里,-466,464,930,2149,2936,0.7,陳功明,無
新北市永和區河濱里,-878,439,1317,2032,2737,0.7,孫黃秋月,中國國民黨
新北市永和區潭墘里,-1100,582,1682,2859,3852,0.7,阮汪淑華,中國國民黨
新北市永和區潭安里,-1256,630,1886,2993,4035,0.7,游富喬,中國國民黨
新北市永和區福和里,-798,603,1401,3251,4380,0.7,王淑美,中國國民黨
新北市永和區福林里,-530,398,928,2066,2792,0.7,孫協同,中國國民黨
新北市永和區秀元里,-878,361,1239,1947,2594,0.8,饒金妹,中國國民黨
新北市永和區秀和里,-1264,636,1900,3140,4156,0.8,孫和連,中國國民黨
新北市永和區秀得里,-675,348,1023,1687,2239,0.8,高欽,中國國民黨
新北市永和區秀成里,-790,382,1172,1764,2424,0.7,黃昰瑋,中國國民黨
新北市永和區秀朗里,-988,519,1507,2380,3254,0.7,沈賜是,中國國民黨
新北市永和區秀林里,-1031,510,1541,2521,3324,0.8,宏達,中國國民黨
新北市永和區竹林里,-459,465,924,2309,3104,0.7,王素娥,中國國民黨
新北市永和區網溪里,-189,146,335,724,1007,0.7,孫德欽,中國國民黨
新北市永和區豫溪里,-1149,407,1556,2359,4463,0.5,廖亦芳,無
新北市永和區雙和里,-1275,515,1790,2497,3290,0.8,黃珠珪,中國國民黨
新北市永和區頂溪里,-590,354,944,1645,2162,0.8,蔡美娟,中國國民黨
新北市汐止區中興里,-1880,1120,3000,4928,6996,0.7,蔡振國,無
新北市汐止區仁德里,-173,255,428,1195,1649,0.7,李汶和,無
新北市汐止區保安里,-476,244,720,1036,1464,0.7,蘇忠吉,無
新北市汐止區保新里,-612,426,1038,1798,2668,0.7,吳明道,無
新北市汐止區保長里,-1244,760,2004,2986,4183,0.7,賴宗福,無
新北市汐止區信望里,-147,36,183,215,300,0.7,楊順德,無
新北市汐止區八連里,-204,110,314,636,934,0.7,周順益,無
新北市汐止區北山里,-729,833,1562,3907,5252,0.7,林徵熊,無
新北市汐止區北峰里,-938,782,1720,3248,4569,0.7,陳南海,無
新北市汐止區厚德里,-1608,1105,2713,4769,6787,0.7,陳有諒,中國國民黨
新北市汐止區城中里,-1377,710,2087,3052,4089,0.7,廖福賢,無
新北市汐止區大同里,-594,410,1004,1891,2554,0.7,黃翠華,無
新北市汐止區宜興里,-856,377,1233,1980,2656,0.7,陳清溪,中國國民黨
新北市汐止區山光里,-218,536,754,2025,2890,0.7,陳永松,中國國民黨
新北市汐止區崇德里,-1248,777,2025,3156,4334,0.7,蘇宏杰,無
新北市汐止區康福里,-710,824,1534,3515,4915,0.7,曾淑蘭,無
新北市汐止區建成里,-1509,804,2313,3496,4653,0.8,黃信裕,無
新北市汐止區復興里,-1910,1042,2952,4831,6273,0.8,蕭素真,無
新北市汐止區忠孝里,-1558,1227,2785,5297,7464,0.7,丁彥伶,中國國民黨
新北市汐止區忠山里,-611,478,1089,2430,3089,0.8,吳國全,中國國民黨
新北市汐止區拱北里,-622,655,1277,3002,4645,0.6,蘇聰賢,無
新北市汐止區文化里,-993,801,1794,3088,4100,0.8,余寶聰,中國國民黨
新北市汐止區新昌里,-1258,792,2050,3434,4746,0.7,林碧霞,中國國民黨
新北市汐止區智慧里,-1103,709,1812,3099,4200,0.7,黃智明,無
新北市汐止區東勢里,-590,724,1314,3362,4535,0.7,賴一山,無
新北市汐止區東山里,-92,63,155,368,537,0.7,虞恉剛,無
新北市汐止區樟樹里,-287,265,552,1318,1948,0.7,高名杉,無
新北市汐止區橋東里,-560,614,1174,2388,3255,0.7,陶威中,無
新北市汐止區橫科里,-1062,666,1728,3026,4166,0.7,詹清山,中國國民黨
新北市汐止區江北里,-838,895,1733,3874,5480,0.7,謝祚敏,中國國民黨
新北市汐止區湖光里,-712,962,1674,4232,5681,0.7,杜金泉,無
新北市汐止區湖興里,-1316,869,2185,4382,6000,0.7,郭書成,無
新北市汐止區湖蓮里,-389,407,796,2045,2645,0.8,翁春娟,無
新北市汐止區烘內里,-261,190,451,1016,1465,0.7,蘇明勇,無
新北市汐止區環河里,-435,141,576,827,1135,0.7,黃世和,民主進步黨
新北市汐止區白雲里,-740,683,1423,2968,4106,0.7,陳俊地,無
新北市汐止區福安里,-1397,1040,2437,4081,5506,0.7,顏群宗,無
新北市汐止區福山里,-994,504,1498,2467,3395,0.7,謝志忠,中國國民黨
新北市汐止區福德里,-810,506,1316,2239,3188,0.7,林山永,無
新北市汐止區禮門里,-219,158,377,730,998,0.7,李朝發,無
新北市汐止區秀山里,-238,709,947,3012,4135,0.7,廖烱華,無
新北市汐止區秀峰里,-801,634,1435,2595,4797,0.5,蘇樹木,無
新北市汐止區義民里,-227,154,381,873,1177,0.7,吳佩銘,無
新北市汐止區自強里,-702,949,1651,3821,5145,0.7,康金龍,無
新北市汐止區興福里,-386,494,880,2217,3028,0.7,韓君灝,無
新北市汐止區茄苳里,-396,672,1068,2766,4012,0.7,葉雅惠,無
新北市汐止區鄉長里,-332,321,653,1538,2084,0.7,陳志勝,無
新北市汐止區金龍里,-1171,812,1983,3512,4977,0.7,陳美麗,無
新北市汐止區長安里,-266,238,504,1048,1498,0.7,楊清風,無
新北市汐止區長青里,-310,110,420,652,885,0.7,陳建興,中國國民黨
新北市泰山區全興里,-1738,1385,3123,5425,7672,0.7,趙木山,無
新北市泰山區同榮里,-399,581,980,2714,3639,0.7,馬豫軍,無
新北市泰山區同興里,-996,516,1512,2363,3135,0.8,詹明德,無
新北市泰山區大科里,-177,114,291,544,769,0.7,黃金進,無
新北市泰山區山腳里,-999,996,1995,4099,5806,0.7,王國超,無
新北市泰山區新明里,-466,454,920,2022,2760,0.7,林柏融,無
新北市泰山區明志里,-583,539,1122,2458,3281,0.7,陳春祈,無
新北市泰山區楓樹里,-469,674,1143,2722,3748,0.7,鄭美玲,無
新北市泰山區泰友里,-185,285,470,1333,1770,0.8,温來居,無
新北市泰山區福泰里,-384,355,739,1708,2385,0.7,柳建福,無
新北市泰山區福興里,-875,585,1460,2288,3099,0.7,張玉琴,中國國民黨
新北市泰山區義仁里,-1769,1495,3264,5557,7447,0.7,許火炎,無
新北市泰山區義學里,-1195,729,1924,2968,4071,0.7,陳和榮,無
新北市泰山區貴和里,-479,768,1247,3130,4323,0.7,余碧玉,無
新北市泰山區貴子里,-1011,591,1602,2612,3519,0.7,戴聯樹,無
新北市泰山區貴賢里,-527,515,1042,2463,3239,0.8,陳岳宏,無
新北市泰山區黎明里,-525,504,1029,2189,3008,0.7,施呈林,無
新北市淡水區中和里,-247,82,329,404,530,0.8,王文輝,無
新北市淡水區中興里,-1151,514,1665,2541,3585,0.7,江慶發,無
新北市淡水區八勢里,-1586,896,2482,4634,6537,0.7,沈欽裕,無
新北市淡水區北投里,-2573,1662,4235,6769,9303,0.7,張麗卿,中國國民黨
新北市淡水區北新里,-550,435,985,1797,2654,0.7,許春榮,中國國民黨
新北市淡水區協元里,-468,156,624,876,1267,0.7,蕭慶和,無
新北市淡水區坪頂里,-481,165,646,898,1264,0.7,郭建義,無
新北市淡水區埤島里,-587,279,866,1285,1816,0.7,蔡正忠,無
新北市淡水區大庄里,-2544,1701,4245,7530,10575,0.7,林建仲,中國國民黨
新北市淡水區學府里,-1187,651,1838,2833,4246,0.7,林文成,無
新北市淡水區屯山里,-165,155,320,722,944,0.8,李永清,無
新北市淡水區崁頂里,665,3909,3244,14567,21385,0.7,吳庭岳,無
新北市淡水區幸福里,-975,507,1482,2375,3347,0.7,李佳倩,無
新北市淡水區忠寮里,-466,133,599,736,1020,0.7,蔣耿南,無
新北市淡水區忠山里,-284,102,386,556,758,0.7,潘炳丁,中國國民黨
新北市淡水區文化里,-270,239,509,1083,1544,0.7,彭梅香,中國國民黨
新北市淡水區新春里,-2111,1408,3519,5900,8413,0.7,莊志文,無
新北市淡水區新民里,-1169,681,1850,2991,4234,0.7,林聖傑,無
新北市淡水區新生里,-99,52,151,288,384,0.8,洪正宗,無
新北市淡水區新義里,-1090,576,1666,2542,3610,0.7,盧寶全,無
新北市淡水區新興里,-1836,1081,2917,4647,6564,0.7,吳錦泉,無
新北市淡水區樹興里,-430,183,613,979,1489,0.7,許秋芳,無
新北市淡水區正德里,-1328,690,2018,2944,4146,0.7,黃俊雄,無
新北市淡水區民安里,-247,69,316,442,601,0.7,鄭英和,無
新北市淡水區民權里,-1454,693,2147,3280,4352,0.8,江瑟媚,無
新北市淡水區民生里,-2123,978,3101,4719,6541,0.7,陳李明緣,中國國民黨
新北市淡水區水源里,-459,237,696,1314,1885,0.7,李貴鐘,無
新北市淡水區水碓里,-918,778,1696,3618,5051,0.7,孫麗明,無
新北市淡水區永吉里,-349,100,449,584,773,0.8,謝安棋,無
新北市淡水區沙崙里,-359,705,1064,3237,4788,0.7,彭瑀筑,無
新北市淡水區油車里,-1427,714,2141,3451,4878,0.7,唐儷樺,中國國民黨
新北市淡水區清文里,-271,149,420,730,1022,0.7,周文烈,無
新北市淡水區福德里,-865,990,1855,4736,6364,0.7,吳穎綸,無
新北市淡水區竹圍里,-1676,890,2566,4097,5566,0.7,李啟源,無
新北市淡水區竿蓁里,-2576,1592,4168,7252,10370,0.7,王信崇,中國國民黨
新北市淡水區義山里,-442,304,746,1561,2283,0.7,楊永麗,無
新北市淡水區興仁里,-523,165,688,952,1420,0.7,盧仁澤,無
新北市淡水區草東里,-257,68,325,503,667,0.8,黃逢晚,無
新北市淡水區蕃薯里,-158,145,303,664,1007,0.7,王壽喜,無
新北市淡水區賢孝里,-543,199,742,998,1423,0.7,葉振昌,無
新北市淡水區鄧公里,-1609,823,2432,3952,5395,0.7,邱美津,中國國民黨
新北市淡水區長庚里,-558,206,764,955,1278,0.7,陳崇煌,無
新北市深坑區土庫里,-795,407,1202,1890,2691,0.7,高太郎,無
新北市深坑區埔新里,-713,866,1579,4017,5570,0.7,游貫中,中國國民黨
新北市深坑區昇高里,-795,257,1052,1392,1889,0.7,李傳震,無
新北市深坑區深坑里,-973,437,1410,2211,3124,0.7,黃建強,無
新北市深坑區萬福里,-764,333,1097,1753,2443,0.7,鄭宗良,無
新北市深坑區萬順里,-444,320,764,1610,2304,0.7,楊文得,無
新北市深坑區賴仲里,-405,332,737,1562,2151,0.7,蕭麗玉,無
新北市深坑區阿柔里,-106,68,174,409,535,0.8,羅定國,無
新北市烏來區信賢里,-169,45,214,303,473,0.6,簡凱健,無
新北市烏來區孝義里,-37,42,79,154,225,0.7,呂永豐,無
新北市烏來區忠治里,-497,215,712,1094,1559,0.7,黃忠信,無
新北市烏來區烏來里,-420,301,721,1607,2282,0.7,林春雄,無
新北市烏來區福山里,-170,71,241,374,595,0.6,陳春櫻,無
新北市瑞芳區上天里,-442,160,602,805,1201,0.7,林瑞明,無
新北市瑞芳區傑魚里,-497,261,758,1192,1803,0.7,周清標,無
新北市瑞芳區光復里,-76,13,89,152,239,0.6,周晉億,無
新北市瑞芳區南雅里,-123,27,150,185,260,0.7,吳顯煌,無
新北市瑞芳區吉安里,-692,376,1068,1861,2778,0.7,謝永昌,無
新北市瑞芳區吉慶里,-610,245,855,1142,1640,0.7,簡惠麗,無
新北市瑞芳區基山里,-131,41,172,257,392,0.7,石智能,無
新北市瑞芳區崇文里,-123,19,142,168,278,0.6,江李美女,無
新北市瑞芳區弓橋里,-79,38,117,247,285,0.9,陳明星,無
新北市瑞芳區新山里,-144,38,182,218,344,0.6,吳苓芳,無
新北市瑞芳區新峰里,-614,446,1060,1999,3018,0.7,黃茂峻,無
新北市瑞芳區東和里,-542,203,745,1019,1527,0.7,周樹木,無
新北市瑞芳區柑坪里,-342,133,475,670,999,0.7,許銘仁,無
新北市瑞芳區永慶里,-71,41,112,241,384,0.6,許義村,無
新北市瑞芳區海濱里,-395,133,528,739,1218,0.6,鄧麗華,無
新北市瑞芳區深澳里,-247,151,398,756,1227,0.6,賴孟宏,無
新北市瑞芳區濓新里,-109,16,125,141,261,0.5,黃瑞聰,無
新北市瑞芳區濓洞里,-130,38,168,278,424,0.7,黃嘉祺,無
新北市瑞芳區爪峯里,-595,500,1095,2341,3392,0.7,簡明慧,無
新北市瑞芳區猴硐里,-129,46,175,251,398,0.6,楊志德,無
新北市瑞芳區瑞濱里,-401,230,631,1119,1783,0.6,胡長安,無
新北市瑞芳區瓜山里,-71,18,89,116,161,0.7,張英傑,無
新北市瑞芳區石山里,-86,23,109,171,305,0.6,吳乾正,無
新北市瑞芳區碩仁里,-56,10,66,105,144,0.7,林富萬,無
新北市瑞芳區福住里,-68,16,84,110,156,0.7,蘇進益,無
新北市瑞芳區銅山里,-71,15,86,120,178,0.7,陳嶽生,無
新北市瑞芳區頌德里,-124,23,147,195,301,0.6,林高白梅,無
新北市瑞芳區鼻頭里,-209,85,294,463,801,0.6,王坤吉,無
新北市瑞芳區龍安里,-207,72,279,392,551,0.7,柯瑞和,無
新北市瑞芳區龍山里,-405,192,597,842,1236,0.7,陳志強,時代力量
新北市瑞芳區龍川里,-467,221,688,1031,1497,0.7,賴鴻春,無
新北市瑞芳區龍潭里,-232,87,319,468,673,0.7,陳淑霞,無
新北市瑞芳區龍興里,-309,264,573,1271,1800,0.7,黃錫基,無
新北市瑞芳區龍鎮里,-422,148,570,817,1164,0.7,林文清,無
新北市石碇區中民里,-278,92,370,483,690,0.7,郭滄樑,無
新北市石碇區光明里,-105,20,125,189,252,0.8,黃寶緻,無
新北市石碇區彭山里,-125,19,144,189,281,0.7,許建長,無
新北市石碇區格頭里,-361,114,475,689,957,0.7,高國泰,無
新北市石碇區永安里,-351,91,442,539,791,0.7,蕭敏玲,無
新北市石碇區永定里,-275,59,334,368,568,0.6,王金洞,無
新北市石碇區潭邊里,-289,86,375,515,749,0.7,王萬紫,無
新北市石碇區烏塗里,-295,36,331,383,550,0.7,林却,無
新北市石碇區石碇里,-197,40,237,270,362,0.7,王銘勇,無
新北市石碇區豐林里,-111,32,143,216,285,0.8,李煌義,無
新北市石碇區豐田里,-139,38,177,266,352,0.8,黃姿蓉,無
新北市石碇區隆盛里,-229,63,292,421,630,0.7,謝根林,無
新北市石門區乾華里,-116,28,144,175,270,0.6,曾清松,無
新北市石門區富基里,-477,159,636,867,1264,0.7,曾進興,無
新北市石門區尖鹿里,-583,187,770,944,1369,0.7,邱朝欉,無
新北市石門區山溪里,-287,117,404,577,826,0.7,許阿煌,無
新北市石門區德茂里,-243,140,383,711,1054,0.7,沈素梅,無
新北市石門區石門里,-357,182,539,1015,1441,0.7,劉啟祥,無
新北市石門區老梅里,-406,227,633,1261,1950,0.6,許寶祿,無
新北市石門區茂林里,-174,51,225,376,533,0.7,簡義雄,無
新北市石門區草里里,-314,102,416,588,879,0.7,邱志曉,無
新北市萬里區中幅里,-252,130,382,720,1044,0.7,謝嘉陽,無
新北市萬里區北基里,-746,264,1010,1647,2655,0.6,鄧月嬌,中國國民黨
新北市萬里區大鵬里,-674,300,974,1722,2576,0.7,李建才,無
新北市萬里區崁脚里,-128,32,160,260,369,0.7,郭清標,無
新北市萬里區溪底里,-167,60,227,412,613,0.7,吳連財,無
新北市萬里區磺潭里,-200,61,261,374,559,0.7,張宗基,中國國民黨
新北市萬里區萬里里,-815,486,1301,2843,4112,0.7,王傑倫,無
新北市萬里區野柳里,-626,344,970,2015,3074,0.7,黃長生,無
新北市萬里區雙興里,-290,80,370,670,935,0.7,郭嘉書,無
新北市萬里區龜吼里,-469,305,774,1599,2502,0.6,曾基成,中國國民黨
新北市蘆洲區中原里,-774,956,1730,3775,5245,0.7,陳國連,民主進步黨
新北市蘆洲區中華里,-914,484,1398,2039,2802,0.7,蔡宜峰,民主進步黨
新北市蘆洲區中路里,-64,633,697,2631,3506,0.8,涂佳綾,無
新北市蘆洲區九芎里,-364,870,1234,3388,4744,0.7,李茂雄,民主進步黨
新北市蘆洲區仁復里,-293,295,588,1285,1855,0.7,李德勝,無
新北市蘆洲區仁德里,-973,874,1847,3426,4698,0.7,古佳玉,無
新北市蘆洲區仁愛里,-1361,848,2209,3409,4564,0.7,林宏典,無
新北市蘆洲區仁義里,-984,576,1560,2625,4836,0.5,何益銘,無
新北市蘆洲區保佑里,-838,505,1343,2276,3210,0.7,李紹和,無
新北市蘆洲區保和里,-510,368,878,1662,2314,0.7,楊總仁,無
新北市蘆洲區保新里,-907,625,1532,2470,3476,0.7,黃素秋,無
新北市蘆洲區信義里,-1014,580,1594,2439,3384,0.7,郭騰芳,無
新北市蘆洲區光明里,-1170,692,1862,2894,4073,0.7,陳文良,民主進步黨
新北市蘆洲區光華里,-1245,807,2052,3311,4657,0.7,李鵬毅,無
新北市蘆洲區南港里,-1345,904,2249,3587,5003,0.7,王珠香,無
新北市蘆洲區延平里,-693,699,1392,2677,3617,0.7,張明德,民主進步黨
新北市蘆洲區得仁里,-555,454,1009,1961,2603,0.8,曾敏明,無
新北市蘆洲區得勝里,-875,431,1306,2061,2943,0.7,蔡志選,無
新北市蘆洲區復興里,-860,517,1377,2235,3075,0.7,李源泉,無
新北市蘆洲區忠孝里,-341,360,701,1526,2084,0.7,徐茂集,無
新北市蘆洲區忠義里,-764,524,1288,2037,2805,0.7,杜芝蓮,無
新北市蘆洲區恆德里,-953,894,1847,3803,5334,0.7,李常孝,無
新北市蘆洲區成功里,-1297,1185,2482,4659,6508,0.7,林德義,無
新北市蘆洲區樓厝里,-1601,1076,2677,4311,5826,0.7,李煒寅,無
新北市蘆洲區樹德里,-877,476,1353,2062,2781,0.7,李芳龍,無
新北市蘆洲區正義里,-2660,2463,5123,8893,11731,0.8,林志修,無
新北市蘆洲區民和里,-647,381,1028,1671,2309,0.7,李進誠,中國國民黨
新北市蘆洲區水河里,-262,1451,1713,5880,8159,0.7,蘇雅祺,民主進步黨
新北市蘆洲區水湳里,-2441,1737,4178,6675,9199,0.7,吳松標,無
新北市蘆洲區永安里,-816,770,1586,3260,4513,0.7,李建興,無
新北市蘆洲區永康里,-1285,1107,2392,4229,5881,0.7,林世峯,無
新北市蘆洲區永德里,-804,757,1561,2792,3918,0.7,陳宥安,無
新北市蘆洲區永樂里,-716,1023,1739,3874,5273,0.7,李麗文,無
新北市蘆洲區溪墘里,-504,428,932,2022,2702,0.7,李永芳,無
新北市蘆洲區玉清里,-585,916,1501,3791,5178,0.7,陳義斌,無
新北市蘆洲區福安里,-736,497,1233,2033,2751,0.7,李文義,無
新北市蘆洲區長安里,-870,778,1648,3101,4498,0.7,王彥貴,無
新北市蘆洲區鷺江里,-454,863,1317,3490,4718,0.7,侯凱文,無
新北市貢寮區仁里里,-342,171,513,1036,1605,0.6,紀志樺,無
新北市貢寮區吉林里,-229,33,262,292,441,0.7,簡束卿,無
新北市貢寮區和美里,-309,72,381,563,923,0.6,吳金發,無
新北市貢寮區真理里,-368,138,506,1120,1884,0.6,趙瑞昌,無
新北市貢寮區福連里,-224,80,304,533,849,0.6,吳文益,無
新北市貢寮區福隆里,-487,130,617,916,1512,0.6,吳憲彰,無
新北市貢寮區美豐里,-265,45,310,449,679,0.7,周貝芳,無
新北市貢寮區貢寮里,-278,58,336,441,731,0.6,楊張翠華,無
新北市貢寮區雙玉里,-247,60,307,378,591,0.6,吳永彬,無
新北市貢寮區龍崗里,-169,28,197,216,373,0.6,黃朝銘,無
新北市貢寮區龍門里,-204,40,244,388,600,0.6,吳世揚,無
新北市金山區三界里,-140,69,209,420,592,0.7,許添坤,無
新北市金山區五湖里,-296,230,526,1135,1589,0.7,李進發,無
新北市金山區兩湖里,-181,41,222,268,375,0.7,張金火,無
新北市金山區六股里,-177,55,232,449,635,0.7,鐘鼎平,無
新北市金山區和平里,-171,52,223,300,422,0.7,張文輝,無
新北市金山區大同里,-202,71,273,428,655,0.7,許振煌,無
新北市金山區永興里,-160,45,205,345,534,0.6,許瑞林,無
新北市金山區清泉里,-336,83,419,504,762,0.7,陳麗蘭,無
新北市金山區磺港里,-684,164,848,1089,1633,0.7,許明熙,無
新北市金山區美田里,-528,565,1093,2607,3739,0.7,何文發,無
新北市金山區萬壽里,-125,46,171,288,426,0.7,劉正行,無
新北市金山區西湖里,-95,18,113,124,163,0.8,賴聰明,無
新北市金山區豐漁里,-183,53,236,321,491,0.7,許吉興,無
新北市金山區重和里,-387,119,506,725,1119,0.6,賴蔡標,無
新北市金山區金美里,-1519,639,2158,3293,4851,0.7,蔡龍豪,無
新北市雙溪區三港里,-93,25,118,209,316,0.7,康俐瑩,無
新北市雙溪區三貂里,-123,35,158,217,340,0.6,連建昌,無
新北市雙溪區上林里,-246,51,297,391,551,0.7,簡德福,中國國民黨
新北市雙溪區共和里,-120,26,146,216,331,0.7,李蓁芳,無
新北市雙溪區外柑里,-127,35,162,235,380,0.6,楊文定,無
新北市雙溪區平林里,-321,81,402,549,788,0.7,黃添松,無
新北市雙溪區新基里,-244,67,311,466,687,0.7,蘇虹如,無
新北市雙溪區泰平里,-196,134,330,732,1125,0.7,方敏珍,無
新北市雙溪區牡丹里,-360,117,477,833,1339,0.6,連隆盛,無
新北市雙溪區長源里,-154,26,180,200,335,0.6,陳資郎,無
新北市雙溪區雙溪里,-186,51,237,287,408,0.7,盧燈煌,無
新北市雙溪區魚行里,-219,63,282,424,614,0.7,曹拯民,無
新北市鶯歌區中湖里,-381,806,1187,3340,4852,0.7,游盛政,無
新北市鶯歌區中鶯里,-219,125,344,659,866,0.8,蘇朝明,無
新北市鶯歌區二橋里,-888,1277,2165,5271,7368,0.7,李金量,無
新北市鶯歌區二甲里,-327,117,444,613,822,0.7,林水土,無
新北市鶯歌區北鶯里,-518,583,1101,2513,3798,0.7,李松進,無
新北市鶯歌區南靖里,-1038,482,1520,2230,3060,0.7,吳金定,無
新北市鶯歌區南鶯里,-1275,763,2038,3499,4812,0.7,李明弘,無
新北市鶯歌區同慶里,-302,214,516,994,1326,0.7,張素燕,無
新北市鶯歌區大湖里,-1130,660,1790,3200,4368,0.7,蕭鈴玉,無
新北市鶯歌區尖山里,-2225,1523,3748,5830,8224,0.7,陳怡潔,無
新北市鶯歌區建國里,-1027,1064,2091,4305,6076,0.7,林清得,無
新北市鶯歌區建德里,-229,75,304,388,503,0.8,林真達,無
新北市鶯歌區東湖里,-129,30,159,201,241,0.8,呂阿添,中華統一促進黨
新北市鶯歌區東鶯里,-221,148,369,677,925,0.7,陳陸賀,無
新北市鶯歌區永吉里,-958,680,1638,3017,4126,0.7,林茂哲,無
新北市鶯歌區永昌里,-2217,1200,3417,5035,6998,0.7,游武雄,無
新北市鶯歌區西鶯里,-769,309,1078,1441,1973,0.7,蘇炳輝,無
新北市鶯歌區鳳祥里,-1215,593,1808,2588,3726,0.7,曾勝利,無
新北市鶯歌區鳳福里,-421,755,1176,2953,4122,0.7,簡騰源,無
新北市鶯歌區鳳鳴里,-1187,1229,2416,4139,5815,0.7,陳芷柔,無
