村里,2024-2022,2024民眾黨,2022村里長得票,2024投票數,2024選舉人數,2024投票率,里長姓名,里長政黨
新竹縣五峰鄉大隘村,-245,132,377,845,1269,0.7,陳從武,無
新竹縣五峰鄉桃山村,-463,111,574,846,1386,0.6,陳素蓮,無
新竹縣五峰鄉竹林村,-156,36,192,233,372,0.6,戴春香,無
新竹縣五峰鄉花園村,-220,78,298,447,687,0.7,黃修明,無
新竹縣北埔鄉北埔村,-210,177,387,777,1066,0.7,何一修,無
新竹縣北埔鄉南坑村,4,126,122,614,863,0.7,葉貴霖,無
新竹縣北埔鄉南埔村,-184,55,239,267,358,0.7,莊瑞山,無
新竹縣北埔鄉南興村,-236,86,322,399,561,0.7,林仁發,無
新竹縣北埔鄉埔尾村,-660,388,1048,1756,2471,0.7,李宗炎,無
新竹縣北埔鄉外坪村,-147,20,167,182,272,0.7,楊文國,無
新竹縣北埔鄉大林村,-334,118,452,517,688,0.8,温德泉,無
新竹縣北埔鄉大湖村,-250,75,325,359,514,0.7,劉金庭,無
新竹縣北埔鄉水磜村,-70,125,195,535,786,0.7,林清泉,無
新竹縣寶山鄉三峰村,-413,157,570,732,1007,0.7,黃國城,中國國民黨
新竹縣寶山鄉大崎村,-144,387,531,1357,1851,0.7,萬瑞珠,無
新竹縣寶山鄉寶山村,-327,184,511,722,964,0.7,李紘逸,無
新竹縣寶山鄉寶斗村,-370,104,474,496,709,0.7,張錦城,中國國民黨
新竹縣寶山鄉山湖村,-133,87,220,395,532,0.7,陳雲基,無
新竹縣寶山鄉新城村,-314,176,490,831,1115,0.7,黃振銘,無
新竹縣寶山鄉油田村,-211,73,284,426,567,0.8,何立城,無
新竹縣寶山鄉深井村,-384,104,488,584,769,0.8,鍾煥清,中國國民黨
新竹縣寶山鄉雙新村,-278,557,835,1938,2683,0.7,邱俊平,中國國民黨
新竹縣寶山鄉雙溪村,-246,602,848,1916,2648,0.7,許秋天,無
新竹縣尖石鄉嘉樂村,-244,84,328,509,759,0.7,高金祥,無
新竹縣尖石鄉新樂村,-334,152,486,747,1162,0.6,朱元章,無
新竹縣尖石鄉梅花村,-87,58,145,418,619,0.7,賴名劍,無
新竹縣尖石鄉玉峰村,-708,135,843,759,1323,0.6,林清文,無
新竹縣尖石鄉秀巒村,-230,174,404,809,1615,0.5,甘有成,無
新竹縣尖石鄉義興村,-71,67,138,402,577,0.7,李衛國,無
新竹縣尖石鄉錦屏村,-237,113,350,736,1118,0.7,白金山,無
新竹縣峨眉鄉七星村,-329,58,387,428,590,0.7,郭光營,無
新竹縣峨眉鄉中盛村,-199,103,302,487,649,0.8,姜信鈞,無
新竹縣峨眉鄉富興村,-318,180,498,897,1304,0.7,蕭鶬松,無
新竹縣峨眉鄉峨眉村,-460,109,569,584,766,0.8,許運枝,無
新竹縣峨眉鄉湖光村,-291,82,373,612,847,0.7,林春綺,無
新竹縣峨眉鄉石井村,-156,77,233,406,533,0.8,徐福華,無
新竹縣新埔鎮上寮里,-630,302,932,1222,1735,0.7,劉德文,無
新竹縣新埔鎮下寮里,-228,490,718,1815,2466,0.7,林鼎基,無
新竹縣新埔鎮五埔里,-554,306,860,1308,1883,0.7,陳保良,無
新竹縣新埔鎮內立里,-182,160,342,731,1054,0.7,謝沅澄,無
新竹縣新埔鎮北平里,-178,92,270,441,607,0.7,林有裕,無
新竹縣新埔鎮南平里,-417,155,572,678,933,0.7,劉守森,無
新竹縣新埔鎮四座里,-868,590,1458,2317,3149,0.7,劉士相,無
新竹縣新埔鎮寶石里,-331,122,453,583,824,0.7,鄧世雲,無
新竹縣新埔鎮巨埔里,-218,152,370,747,1037,0.7,彭享煤,無
新竹縣新埔鎮文山里,-3,1025,1028,3590,4878,0.7,錢育均,中國國民黨
新竹縣新埔鎮新北里,-206,73,279,406,533,0.8,廖文豪,無
新竹縣新埔鎮新埔里,-220,157,377,659,909,0.7,林陳双美,無
新竹縣新埔鎮新民里,-273,176,449,699,966,0.7,吳桂香,無
新竹縣新埔鎮新生里,-110,102,212,397,524,0.8,許麗珍,無
新竹縣新埔鎮旱坑里,-581,260,841,1162,1668,0.7,葉雲全,無
新竹縣新埔鎮清水里,-204,45,249,289,387,0.7,劉春英,無
新竹縣新埔鎮照門里,-378,158,536,882,1249,0.7,劉華柱,無
新竹縣新埔鎮田新里,-93,901,994,2754,3637,0.8,蔡瑞慧,無
新竹縣新埔鎮鹿鳴里,-321,85,406,476,658,0.7,陳英基,無
新竹縣新豐鄉上坑村,-245,305,550,1130,1568,0.7,陳淂明,無
新竹縣新豐鄉中崙村,-743,606,1349,2167,3121,0.7,劉錦嫦,無
新竹縣新豐鄉員山村,-64,629,693,2068,2855,0.7,吳國禎,中國國民黨
新竹縣新豐鄉坡頭村,-223,137,360,571,788,0.7,朱錦常,無
新竹縣新豐鄉埔和村,-699,479,1178,1888,2707,0.7,姚朝,無
新竹縣新豐鄉山崎村,-339,937,1276,3191,4281,0.7,陳濬鴻,無
新竹縣新豐鄉崎頂村,-672,530,1202,1902,2621,0.7,葉水森,中國國民黨
新竹縣新豐鄉後湖村,-363,297,660,1201,1737,0.7,鍾萍森,無
新竹縣新豐鄉忠孝村,-810,791,1601,2635,3497,0.8,陳讚榮,無
新竹縣新豐鄉新豐村,-660,352,1012,1481,2108,0.7,吳石明,無
新竹縣新豐鄉松林村,-608,990,1598,3221,4422,0.7,鄭杉明,無
新竹縣新豐鄉松柏村,108,1768,1660,4790,6400,0.7,徐崧茗,中國國民黨
新竹縣新豐鄉瑞興村,-513,304,817,1188,1812,0.7,李兆恩,無
新竹縣新豐鄉福興村,-174,176,350,765,1074,0.7,許玉麟,無
新竹縣新豐鄉重興村,-1420,1101,2521,3616,5261,0.7,曾援智,無
新竹縣新豐鄉青埔村,-221,354,575,1343,1922,0.7,鍾廷釧,無
新竹縣新豐鄉鳳坑村,-242,187,429,733,1030,0.7,姜禮本,無
新竹縣橫山鄉內灣村,-213,116,329,591,843,0.7,賴文增,無
新竹縣橫山鄉力行村,-247,114,361,571,759,0.8,黃榮竹,中國國民黨
新竹縣橫山鄉南昌村,-84,12,96,106,167,0.6,曾勝淇,無
新竹縣橫山鄉大肚村,-313,287,600,1200,1645,0.7,傅樹英,中國國民黨
新竹縣橫山鄉新興村,-777,219,996,1039,1474,0.7,吳泳河,無
新竹縣橫山鄉橫山村,-696,492,1188,2225,3184,0.7,黃振明,無
新竹縣橫山鄉沙坑村,-252,110,362,661,895,0.7,鍾文生,中國國民黨
新竹縣橫山鄉田寮村,-398,114,512,580,825,0.7,梁少枝,無
新竹縣橫山鄉福興村,-129,57,186,296,401,0.7,温慶保,無
新竹縣橫山鄉豐田村,-123,39,162,217,318,0.7,胡慶煜,無
新竹縣橫山鄉豐鄉村,-107,14,121,137,220,0.6,林進樟,無
新竹縣湖口鄉中勢村,-326,791,1117,2633,3517,0.7,葉美秀,中國國民黨
新竹縣湖口鄉中正村,-418,944,1362,3030,3945,0.8,張文騰,無
新竹縣湖口鄉中興村,-289,1278,1567,4234,6237,0.7,呂芳營,無
新竹縣湖口鄉仁勢村,-234,151,385,625,832,0.8,范盛添,無
新竹縣湖口鄉信勢村,-645,1048,1693,3688,5281,0.7,陳國堯,中國國民黨
新竹縣湖口鄉信義村,-573,926,1499,3012,4077,0.7,徐玉霞,中國國民黨
新竹縣湖口鄉勝利村,-348,800,1148,2851,4168,0.7,夏金裕,無
新竹縣湖口鄉和興村,-461,458,919,2022,2831,0.7,沈萬桔,無
新竹縣湖口鄉孝勢村,-159,224,383,891,1168,0.8,鄭國平,中國國民黨
新竹縣湖口鄉德盛村,-515,990,1505,3545,5016,0.7,張智鈞,無
新竹縣湖口鄉愛勢村,-1222,818,2040,3006,3966,0.8,謝春蘭,中國國民黨
新竹縣湖口鄉東興村,-993,1024,2017,3434,4772,0.7,張紹仁,無
新竹縣湖口鄉波羅村,-372,436,808,1530,2165,0.7,葉豐田,中國國民黨
新竹縣湖口鄉湖南村,-222,258,480,1080,1483,0.7,呂理燺,無
新竹縣湖口鄉湖口村,-186,480,666,1982,2650,0.7,陳在鋥,中國國民黨
新竹縣湖口鄉湖鏡村,-375,451,826,1832,2451,0.7,陳志宏,無
新竹縣湖口鄉長安村,-189,174,363,700,1002,0.7,盧潮鉅,中國國民黨
新竹縣湖口鄉長嶺村,-446,610,1056,2221,3100,0.7,鄭瑞騰,中國國民黨
新竹縣湖口鄉鳳凰村,-353,1001,1354,3488,5218,0.7,何初軒,無
新竹縣湖口鄉鳳山村,-264,561,825,2191,3124,0.7,吳美鶯,中國國民黨
新竹縣竹北市中崙里,-780,1803,2583,5357,6694,0.8,李金對,無
新竹縣竹北市中興里,-679,2214,2893,6825,8590,0.8,莊淙澍,無
新竹縣竹北市北崙里,-192,952,1144,2972,3836,0.8,洪燕卿,中國國民黨
新竹縣竹北市北興里,-570,2062,2632,5184,6553,0.8,田慶順,無
新竹縣竹北市十興里,-997,1775,2772,5364,6859,0.8,毛振福,無
新竹縣竹北市大眉里,-252,359,611,1289,1762,0.7,張清龍,無
新竹縣竹北市大義里,-335,299,634,1219,1641,0.7,曾台安,無
新竹縣竹北市尚義里,-589,318,907,1245,1700,0.7,曾福,無
新竹縣竹北市崇義里,-314,301,615,1330,1839,0.7,曾華民,無
新竹縣竹北市文化里,-713,796,1509,2582,3312,0.8,謝棋鈞,無
新竹縣竹北市斗崙里,-266,1911,2177,5621,7113,0.8,張琬媃,無
新竹縣竹北市新國里,-1130,1613,2743,4755,6259,0.8,吳勝隆,無
新竹縣竹北市新崙里,-455,1685,2140,5063,6698,0.8,劉旦貴,無
新竹縣竹北市新庄里,-201,232,433,844,1130,0.7,余清輝,無
新竹縣竹北市新港里,-419,228,647,900,1216,0.7,戴章興,無
新竹縣竹北市新社里,-538,1626,2164,5288,7142,0.7,范植雄,無
新竹縣竹北市東平里,-2055,3427,5482,9838,12260,0.8,林顥峰,無
新竹縣竹北市東海里,-418,536,954,2141,2911,0.7,胡瑞琴,無
新竹縣竹北市東興里,-856,2342,3198,6232,7949,0.8,龍春廣,無
新竹縣竹北市泰和里,-386,1298,1684,4490,6060,0.7,廖鴻燕,無
新竹縣竹北市溪州里,-259,486,745,1878,2471,0.8,彭仁墩,無
新竹縣竹北市白地里,-451,421,872,1605,2168,0.7,陳相進,無
新竹縣竹北市福德里,-931,607,1538,2353,3196,0.7,曾文忠,無
新竹縣竹北市竹仁里,-2173,1839,4012,6440,8548,0.8,劉堂隆,無
新竹縣竹北市竹北里,-981,2336,3317,6453,8534,0.8,李麗惠,無
新竹縣竹北市竹義里,-356,1177,1533,4072,5967,0.7,徐明兆,無
新竹縣竹北市聯興里,-599,906,1505,3323,4403,0.8,陳威男,無
新竹縣竹北市興安里,-130,917,1047,2862,3635,0.8,彭垣均,無
新竹縣竹北市隘口里,-418,1010,1428,2808,3552,0.8,林洪文,無
新竹縣竹北市鹿場里,-2300,2909,5209,8727,10931,0.8,范光仁,無
新竹縣竹北市麻園里,-641,384,1025,1477,1966,0.8,許榮生,無
新竹縣竹東鎮三重里,-136,1323,1459,4543,6298,0.7,鍾煥明,無
新竹縣竹東鎮上坪里,-109,28,137,199,285,0.7,曾瑞琴,無
新竹縣竹東鎮上舘里,-711,1698,2409,6433,9076,0.7,莊瑞琴,無
新竹縣竹東鎮中山里,-535,281,816,1152,1605,0.7,孫光政,無
新竹縣竹東鎮中正里,-374,530,904,1896,2535,0.7,黃國樞,無
新竹縣竹東鎮二重里,714,2883,2169,8677,11554,0.8,林永銓,無
新竹縣竹東鎮五豐里,-438,1420,1858,4914,7331,0.7,羅晉弘,無
新竹縣竹東鎮仁愛里,-473,606,1079,2368,3223,0.7,楊國雄,無
新竹縣竹東鎮南華里,-162,161,323,723,990,0.7,王兆禎,無
新竹縣竹東鎮員山里,-258,347,605,1420,1860,0.8,徐銓旺,無
新竹縣竹東鎮員崠里,-659,359,1018,1531,2169,0.7,王瀚立,無
新竹縣竹東鎮商華里,-830,411,1241,1777,2953,0.6,鍾宏達,無
新竹縣竹東鎮大鄉里,-378,821,1199,3123,4446,0.7,孔維新,無
新竹縣竹東鎮忠孝里,-418,241,659,1025,1438,0.7,吳錦忠,無
新竹縣竹東鎮東寧里,-933,584,1517,2335,3264,0.7,彭立傑,無
新竹縣竹東鎮東華里,-121,111,232,483,616,0.8,徐長妹,無
新竹縣竹東鎮柯湖里,-202,98,300,425,566,0.8,呂建宏,中國國民黨
新竹縣竹東鎮榮樂里,-201,252,453,950,1286,0.7,馮文營,無
新竹縣竹東鎮榮華里,234,1402,1168,5135,6966,0.7,彭昇顥,中國國民黨
新竹縣竹東鎮瑞峰里,-148,39,187,268,385,0.7,彭康麟,無
新竹縣竹東鎮竹東里,-460,161,621,893,1246,0.7,彭永淦,無
新竹縣竹東鎮軟橋里,-139,52,191,250,349,0.7,林德源,無
新竹縣竹東鎮陸豐里,-224,106,330,411,552,0.7,呂學清,無
新竹縣竹東鎮頭重里,-410,958,1368,3383,4503,0.8,曾俊傑,無
新竹縣竹東鎮鷄林里,-1085,645,1730,2542,3561,0.7,賴運土,無
新竹縣芎林鄉上山村,-234,1195,1429,3877,5081,0.8,彭達棟,無
新竹縣芎林鄉下山村,-372,254,626,922,1194,0.8,何信橋,無
新竹縣芎林鄉中坑村,-273,89,362,417,595,0.7,林永堯,無
新竹縣芎林鄉五龍村,-208,78,286,359,460,0.8,温兆水,無
新竹縣芎林鄉文林村,-402,396,798,1695,2326,0.7,鄧煥源,無
新竹縣芎林鄉新鳳村,-244,254,498,1098,1526,0.7,吳昌樺,無
新竹縣芎林鄉水坑村,-309,123,432,530,752,0.7,宋協展,中國國民黨
新竹縣芎林鄉永興村,-102,67,169,281,419,0.7,馮凱睿,無
新竹縣芎林鄉石潭村,-811,407,1218,1764,2555,0.7,邱創桂,中國國民黨
新竹縣芎林鄉秀湖村,-352,148,500,620,888,0.7,曾達賢,中國國民黨
新竹縣芎林鄉芎林村,-619,275,894,1170,1540,0.8,官秀娘,無
新竹縣芎林鄉華龍村,-205,39,244,264,363,0.7,田興業,中國國民黨
新竹縣關西鎮上林里,-431,90,521,548,745,0.7,楊文輝,無
新竹縣關西鎮仁安里,-422,118,540,639,917,0.7,黃瑞娥,無
新竹縣關西鎮北山里,-190,88,278,513,706,0.7,邱勝豐,無
新竹縣關西鎮北斗里,-482,599,1081,2580,3607,0.7,劉禮浩,無
新竹縣關西鎮南和里,-168,146,314,573,752,0.8,陳昌燕,無
新竹縣關西鎮南山里,-140,151,291,691,1006,0.7,羅仕焰,無
新竹縣關西鎮南新里,-211,93,304,582,852,0.7,蘇斌文,無
新竹縣關西鎮南雄里,-19,100,119,501,667,0.8,陳謝滿妹,無
新竹縣關西鎮大同里,-436,90,526,550,750,0.7,陳振才,無
新竹縣關西鎮新力里,-172,88,260,412,537,0.8,張瑞洲,無
新竹縣關西鎮新富里,-189,57,246,328,492,0.7,范金彰,無
新竹縣關西鎮東光里,-513,177,690,827,1181,0.7,葉明璋,無
新竹縣關西鎮東安里,-687,675,1362,2882,4036,0.7,謝進全,無
新竹縣關西鎮東山里,-468,52,520,278,392,0.7,吳成崇,無
新竹縣關西鎮東平里,-224,113,337,657,899,0.7,鄧光明,無
新竹縣關西鎮東興里,-223,58,281,348,445,0.8,彭文君,無
新竹縣關西鎮玉山里,-96,43,139,263,405,0.6,張建良,無
新竹縣關西鎮石光里,-447,266,713,1258,1673,0.8,嚴盛任,無
新竹縣關西鎮西安里,-712,315,1027,1340,1823,0.7,羅吉森,無
新竹縣關西鎮金山里,-130,57,187,347,507,0.7,林發淦,無
新竹縣關西鎮錦山里,-257,107,364,564,865,0.7,林保國,無
