村里,2024-2022,2024民眾黨,2022村里長得票,2024投票數,2024選舉人數,2024投票率,里長姓名,里長政黨
臺南市七股區七股里,-304,84,388,587,807,0.7,黃進士,無
臺南市七股區三股里,-444,153,597,858,1254,0.7,黃仙立,無
臺南市七股區中寮里,-241,42,283,363,645,0.6,許全田,無
臺南市七股區十份里,-368,168,536,891,1359,0.7,張明漢,無
臺南市七股區塩埕里,-171,30,201,246,396,0.6,謝勝江,無
臺南市七股區大埕里,-480,305,785,1694,2439,0.7,陳清文,無
臺南市七股區大潭里,-209,53,262,407,655,0.6,陳中正,無
臺南市七股區後港里,-324,82,406,675,936,0.7,蘇龍標,無
臺南市七股區樹林里,-655,191,846,1273,1867,0.7,黃寶田,無
臺南市七股區永吉里,-408,108,516,670,1002,0.7,莊弘松,無
臺南市七股區溪南里,-142,43,185,269,355,0.8,黃郁智,無
臺南市七股區玉成里,-301,81,382,521,732,0.7,陳國慶,無
臺南市七股區竹橋里,-470,111,581,833,1138,0.7,郭信忠,無
臺南市七股區篤加里,-153,74,227,528,769,0.7,邱秩明,無
臺南市七股區義合里,-686,210,896,1313,1791,0.7,黃文乾,無
臺南市七股區西寮里,-222,28,250,270,416,0.6,柯勝强,無
臺南市七股區頂山里,-313,52,365,514,769,0.7,陳博靜,無
臺南市七股區龍山里,-669,111,780,1028,1524,0.7,王文財,無
臺南市下營區下營里,-590,134,724,981,1404,0.7,姜協成,無
臺南市下營區仁里里,-250,221,471,1315,1887,0.7,姜美芬,無
臺南市下營區大吉里,-564,143,707,962,1468,0.7,李宗益,無
臺南市下營區宅內里,-539,177,716,1075,1517,0.7,曾進發,無
臺南市下營區後街里,-666,161,827,1048,1477,0.7,洪丙丁,無
臺南市下營區新興里,-465,285,750,1346,2015,0.7,林秉融,無
臺南市下營區營前里,-591,238,829,1387,2010,0.7,姜忠志,無
臺南市下營區紅甲里,-845,236,1081,1415,2047,0.7,顏榮泰,無
臺南市下營區茅營里,-620,217,837,1460,2053,0.7,馮政凱,無
臺南市下營區西連里,-278,98,376,591,818,0.7,林文祥,無
臺南市下營區賀建里,-343,137,480,777,1191,0.7,柯玉堂,無
臺南市下營區開化里,-499,203,702,1243,1735,0.7,王清得,無
臺南市中西區五條港里,-541,199,740,1353,1886,0.7,沈廉哲,無
臺南市中西區光賢里,-1139,505,1644,2574,3437,0.7,洪金安,無
臺南市中西區兌悅里,-692,409,1101,2481,3762,0.7,曾雅志,無
臺南市中西區南廠里,-670,394,1064,2574,3709,0.7,蔡銘順,民主進步黨
臺南市中西區南美里,-1123,329,1452,2142,3043,0.7,曾朝欽,中國國民黨
臺南市中西區南門里,-660,323,983,1772,2437,0.7,蘇雅子,中國國民黨
臺南市中西區城隍里,-1097,427,1524,2548,3622,0.7,曾景亮,無
臺南市中西區大涼里,-358,380,738,1876,2564,0.7,侯福成,無
臺南市中西區小西門里,-423,397,820,2130,2977,0.7,曾俊仁,民主進步黨
臺南市中西區府前里,-366,234,600,1322,1871,0.7,蔡宗明,中國國民黨
臺南市中西區永華里,-822,322,1144,1823,2495,0.7,鄭雀燕,無
臺南市中西區法華里,-634,373,1007,1942,2654,0.7,吳育融,無
臺南市中西區淺草里,-387,270,657,1619,2411,0.7,陳建國,民主進步黨
臺南市中西區藥王里,-672,363,1035,2219,3116,0.7,邱彌文,無
臺南市中西區西和里,-955,591,1546,2977,3941,0.8,廖昇英,民主進步黨
臺南市中西區西湖里,-886,898,1784,4367,5773,0.8,柯茂全,無
臺南市中西區西賢里,-897,680,1577,3621,4777,0.8,黃聖凱,無
臺南市中西區赤嵌里,-580,406,986,2527,3535,0.7,陳永菁,無
臺南市中西區郡王里,-763,435,1198,2233,2965,0.8,陳建宇,無
臺南市中西區開山里,-757,302,1059,1647,2306,0.7,呂基正,無
臺南市仁德區一甲里,-888,367,1255,1967,2571,0.8,楊富田,無
臺南市仁德區上崙里,-1094,917,2011,4449,5939,0.7,李紫瑀,無
臺南市仁德區中洲里,-874,287,1161,1853,2523,0.7,葉清仁,無
臺南市仁德區二行里,-766,242,1008,1461,2018,0.7,吳權國,無
臺南市仁德區仁和里,-298,191,489,1063,1442,0.7,梁珍全,無
臺南市仁德區仁德里,-585,1364,1949,6215,8568,0.7,王文道,無
臺南市仁德區仁愛里,-389,171,560,818,1127,0.7,張台昇,無
臺南市仁德區仁義里,-1034,1287,2321,6655,8834,0.8,鍾銘洋,無
臺南市仁德區保安里,-516,374,890,1940,2653,0.7,顏榮城,民主進步黨
臺南市仁德區土庫里,-908,382,1290,2111,2763,0.8,黃富建,無
臺南市仁德區大甲里,-582,244,826,1578,2127,0.7,許榮宗,無
臺南市仁德區太子里,-1099,726,1825,3974,5340,0.7,徐徽梁,無
臺南市仁德區後壁里,-1430,1419,2849,6875,9406,0.7,蔡誌倫,無
臺南市仁德區成功里,-1619,623,2242,3496,4829,0.7,鄭晴而,無
臺南市仁德區文賢里,-874,305,1179,1647,2151,0.8,林江溪,無
臺南市仁德區新田里,-1064,471,1535,2497,3323,0.8,王俊傑,無
臺南市佳里區下營里,-412,165,577,1230,1708,0.7,林秉達,無
臺南市佳里區佳化里,-789,274,1063,1455,2036,0.7,張清水,無
臺南市佳里區佳興里,-275,236,511,1463,2077,0.7,林黃秋香,無
臺南市佳里區六安里,-1443,506,1949,2846,3941,0.7,林佩玲,無
臺南市佳里區南勢里,-640,709,1349,3335,4552,0.7,黃進福,無
臺南市佳里區塭內里,-587,280,867,1901,2688,0.7,黃明輝,無
臺南市佳里區子龍里,-804,267,1071,1670,2371,0.7,謝清安,無
臺南市佳里區安西里,-811,764,1575,4137,5566,0.7,陳雅慧,無
臺南市佳里區建南里,-492,583,1075,2992,4151,0.7,陳俊銘,無
臺南市佳里區忠仁里,-922,340,1262,1973,2733,0.7,楊林錦鴦,無
臺南市佳里區文新里,-509,731,1240,3550,4920,0.7,柯淑華,無
臺南市佳里區東寧里,-524,222,746,1567,2101,0.7,陳福全,無
臺南市佳里區民安里,-350,210,560,1257,1716,0.7,周天財,無
臺南市佳里區海澄里,-436,232,668,1462,2124,0.7,楊定昌,無
臺南市佳里區營溪里,-422,129,551,723,1040,0.7,莊榮堯,無
臺南市佳里區鎮山里,-1814,711,2525,3915,5422,0.7,陳信祿,無
臺南市六甲區七甲里,-707,235,942,1252,1861,0.7,蔡淵湶,無
臺南市六甲區中社里,-95,210,305,1069,1525,0.7,李黃阿鳳,無
臺南市六甲區二甲里,-523,440,963,2258,3232,0.7,周朝明,無
臺南市六甲區六甲里,-959,401,1360,1949,2748,0.7,李鴻榮,無
臺南市六甲區大丘里,-199,32,231,333,543,0.6,何成章,無
臺南市六甲區水林里,-770,216,986,1368,1970,0.7,李宗霖,無
臺南市六甲區王爺里,-275,33,308,399,663,0.6,許峯榮,無
臺南市六甲區甲南里,-560,156,716,917,1294,0.7,劉國賢,無
臺南市六甲區甲東里,-633,296,929,1739,2531,0.7,陳子文,無
臺南市六甲區菁埔里,-201,61,262,410,581,0.7,蔡明賢,無
臺南市六甲區龜港里,-289,175,464,923,1365,0.7,許文祥,無
臺南市北區中樓里,-433,168,601,935,1308,0.7,楊政衡,中國國民黨
臺南市北區仁愛里,-364,280,644,1599,2117,0.8,郭宜緁,無
臺南市北區元寶里,-195,761,956,2883,4121,0.7,許大衛,無
臺南市北區元美里,-884,457,1341,2273,2959,0.8,侯喬蓁,民主進步黨
臺南市北區公園里,-316,204,520,1190,1768,0.7,徐富美,無
臺南市北區力行里,-593,319,912,1692,2284,0.7,鄭昆福,無
臺南市北區北華里,-677,391,1068,2388,3871,0.6,王黃春子,無
臺南市北區北門里,-782,641,1423,3516,4958,0.7,許雅晴,無
臺南市北區合興里,-1203,416,1619,2468,3284,0.8,吳承芳,無
臺南市北區和順里,-789,680,1469,3477,4641,0.7,黃俊源,無
臺南市北區大光里,-689,565,1254,3287,4592,0.7,吳坤福,無
臺南市北區大和里,-957,521,1478,2547,3466,0.7,陳美惠,無
臺南市北區大港里,-1648,736,2384,3798,5075,0.7,黃良賢,無
臺南市北區大興里,-994,356,1350,1983,2830,0.7,黃文宗,無
臺南市北區大豐里,-1160,556,1716,2840,4025,0.7,余禮南,無
臺南市北區小北里,-1014,455,1469,2664,3677,0.7,謝水泉,民主進步黨
臺南市北區成功里,-1229,657,1886,3306,4378,0.8,鄭景元,民主進步黨
臺南市北區成德里,-780,660,1440,3154,4231,0.7,王登炎,民主進步黨
臺南市北區振興里,-522,211,733,1306,1867,0.7,侯美惠,無
臺南市北區文元里,-315,588,903,2485,3282,0.8,吳春美,民主進步黨
臺南市北區文成里,-567,415,982,2093,2801,0.7,蘇來椿,無
臺南市北區東興里,-564,254,818,1401,1818,0.8,王泉尚,無
臺南市北區正覺里,-952,408,1360,2158,2960,0.7,吳銅吉,民主進步黨
臺南市北區永祥里,-561,356,917,2128,2880,0.7,李青春,無
臺南市北區福德里,-663,876,1539,3667,4820,0.8,林勝緞,民主進步黨
臺南市北區立人里,-798,300,1098,1808,2442,0.7,陳春津,無
臺南市北區華德里,-292,702,994,2812,3664,0.8,宋藍美玉,無
臺南市北區賢北里,-1110,519,1629,2626,3482,0.8,黃富得,無
臺南市北區重興里,-310,271,581,1370,1846,0.7,鄭林阿雪,無
臺南市北區長勝里,-734,445,1179,2569,3631,0.7,吳澐晏,中國國民黨
臺南市北區長興里,-670,289,959,1755,2519,0.7,李茂德,無
臺南市北區開元里,-464,411,875,2347,3239,0.7,翁明樹,無
臺南市北區雙安里,-321,322,643,1626,2180,0.7,鄭智化,無
臺南市北門區三光里,-334,114,448,722,1123,0.6,侯進枝,無
臺南市北門區保吉里,-417,101,518,784,1256,0.6,王忠城,無
臺南市北門區北門里,-219,63,282,486,764,0.6,侯明順,無
臺南市北門區慈安里,-250,68,318,420,707,0.6,陳錦文,無
臺南市北門區文山里,-533,99,632,728,1144,0.6,李英信,無
臺南市北門區永隆里,-302,63,365,476,796,0.6,王益,無
臺南市北門區玉港里,-273,54,327,429,659,0.7,陳來盛,無
臺南市北門區蚵寮里,-386,117,503,777,1311,0.6,洪松茂,無
臺南市北門區錦湖里,-254,71,325,525,890,0.6,陳國庸,無
臺南市北門區雙春里,-180,39,219,268,433,0.6,李連興,無
臺南市南化區中坑里,-168,29,197,264,393,0.7,錢百萬,無
臺南市南化區北寮里,-438,101,539,674,1068,0.6,李坤童,無
臺南市南化區北平里,-304,41,345,400,525,0.8,洪明石,無
臺南市南化區南化里,-403,122,525,925,1298,0.7,余俊輝,無
臺南市南化區小崙里,-386,59,445,487,742,0.7,張毓仁,無
臺南市南化區東和里,-197,41,238,351,585,0.6,林志明,無
臺南市南化區玉山里,-501,83,584,659,970,0.7,邱永霖,無
臺南市南化區西埔里,-276,50,326,429,685,0.6,陳志得,無
臺南市南化區關山里,-285,101,386,504,921,0.5,謝國男,無
臺南市南區佛壇里,-619,281,900,1793,2408,0.7,葉瑞勇,無
臺南市南區光明里,-1240,511,1751,2881,3922,0.7,黃榮籐,無
臺南市南區再興里,-369,271,640,1557,2114,0.7,吳昇柏,無
臺南市南區南華里,-482,302,784,1635,2334,0.7,辜福恩,無
臺南市南區南都里,-303,306,609,1632,2612,0.6,高麗雲,無
臺南市南區同安里,-559,251,810,1529,2092,0.7,林良文,民主進步黨
臺南市南區喜北里,-894,200,1094,1494,2065,0.7,林鴻儒,無
臺南市南區喜南里,-557,94,651,817,1136,0.7,曹和田,無
臺南市南區喜東里,-630,232,862,1493,2020,0.7,蔡祠重,無
臺南市南區國宅里,-567,352,919,2047,2786,0.7,史進財,無
臺南市南區大忠里,-1445,569,2014,3196,4353,0.7,許智雄,無
臺南市南區大恩里,-1130,399,1529,2397,3278,0.7,施國熙,無
臺南市南區大成里,-495,371,866,1535,2042,0.8,鄭宏源,無
臺南市南區大林里,-771,283,1054,1592,2155,0.7,劉相明,無
臺南市南區府南里,-964,617,1581,3331,4617,0.7,尤俊銘,無
臺南市南區廣州里,-854,241,1095,1601,2114,0.8,許林麗玉,無
臺南市南區建南里,-1019,669,1688,3729,4849,0.8,江勝雄,民主進步黨
臺南市南區彰南里,-528,165,693,1002,1392,0.7,吳明達,無
臺南市南區文南里,-1464,653,2117,3594,4870,0.7,陳清泉,無
臺南市南區文華里,-1039,378,1417,2296,3097,0.7,李秉樺,無
臺南市南區新昌里,-743,290,1033,1554,2111,0.7,郭志興,無
臺南市南區新生里,-467,432,899,2334,3284,0.7,王安國,中國國民黨
臺南市南區新興里,-886,325,1211,1836,2591,0.7,邱志初,民主進步黨
臺南市南區明亮里,-658,435,1093,2511,3395,0.7,蘇三柱,民主進步黨
臺南市南區明德里,-343,260,603,1038,1395,0.7,陳瑞華,中國國民黨
臺南市南區明興里,-514,391,905,2251,3096,0.7,賀少宏,民主進步黨
臺南市南區松安里,-557,198,755,1272,1720,0.7,黃高能,無
臺南市南區永寧里,-757,158,915,1170,1604,0.7,王育貞,無
臺南市南區田寮里,-751,366,1117,2225,3001,0.7,王能波,無
臺南市南區省躬里,-1334,574,1908,2855,3960,0.7,杜枝文,無
臺南市南區竹溪里,-195,215,410,1183,1603,0.7,曾銘澤,無
臺南市南區興農里,-825,430,1255,2038,2789,0.7,段美珠,無
臺南市南區郡南里,-577,453,1030,2526,3407,0.7,王全益,民主進步黨
臺南市南區金華里,-1398,631,2029,3420,4729,0.7,柯崑城,無
臺南市南區開南里,-1701,712,2413,3864,5399,0.7,梁坤財,無
臺南市南區鯤鯓里,-414,151,565,1181,1680,0.7,陳金江,無
臺南市南區鹽埕里,-713,395,1108,2582,3572,0.7,蔡進原,無
臺南市善化區什乃里,-411,177,588,864,1182,0.7,王榮勳,無
臺南市善化區光文里,-811,857,1668,3862,5378,0.7,廖宛崢,無
臺南市善化區六分里,-236,72,308,479,650,0.7,蘇文俊,無
臺南市善化區六德里,-193,137,330,690,995,0.7,楊駕,無
臺南市善化區南關里,-704,256,960,1283,1722,0.7,許義方,無
臺南市善化區嘉北里,-468,234,702,1167,1580,0.7,梁楊玉華,無
臺南市善化區嘉南里,-400,147,547,748,1044,0.7,林儀伍,無
臺南市善化區坐駕里,-814,630,1444,2781,3773,0.7,林怡珊,無
臺南市善化區小新里,-639,787,1426,3279,4507,0.7,黃瑞芳,無
臺南市善化區文昌里,-741,409,1150,1858,2654,0.7,李立先,無
臺南市善化區文正里,-548,240,788,1123,1541,0.7,胡志賢,無
臺南市善化區昌隆里,-661,257,918,1332,1951,0.7,蘇茂榕,無
臺南市善化區東關里,-302,180,482,773,1095,0.7,張碩峯,無
臺南市善化區溪美里,-742,227,969,1365,1904,0.7,李志明,無
臺南市善化區牛庄里,-342,263,605,1200,1612,0.7,蘇坤修,無
臺南市善化區田寮里,-373,184,557,1214,1622,0.7,楊柳塘,無
臺南市善化區胡厝里,-621,336,957,1504,2034,0.7,陳順隆,無
臺南市善化區胡家里,-437,143,580,871,1198,0.7,陳彥宏,無
臺南市善化區蓮潭里,-363,1186,1549,3164,4124,0.8,陳紫晶,無
臺南市善化區頂街里,-139,213,352,895,1234,0.7,洪秉鴻,無
臺南市大內區二溪里,-281,66,347,554,775,0.7,葉榮州,無
臺南市大內區內江里,-368,89,457,603,816,0.7,陳俊佑,無
臺南市大內區內郭里,-117,55,172,417,569,0.7,楊文三,無
臺南市大內區大內里,-208,70,278,522,719,0.7,楊王鳳嬌,無
臺南市大內區曲溪里,-240,49,289,395,521,0.8,楊春寶,無
臺南市大內區環湖里,-278,65,343,470,695,0.7,陳義男,無
臺南市大內區石城里,-459,165,624,970,1377,0.7,楊進,無
臺南市大內區石林里,-256,59,315,402,587,0.7,楊士人,無
臺南市大內區石湖里,-373,90,463,621,920,0.7,陳燕姿,無
臺南市大內區頭社里,-404,64,468,631,942,0.7,羅文宗,無
臺南市學甲區三慶里,-321,100,421,831,1240,0.7,郭壬貴,無
臺南市學甲區中洲里,-469,132,601,857,1277,0.7,林清發,無
臺南市學甲區仁得里,-1213,472,1685,2620,3667,0.7,林嘉雄,無
臺南市學甲區光華里,-393,102,495,721,1144,0.6,邱益在,無
臺南市學甲區大灣里,-377,97,474,613,900,0.7,王登教,無
臺南市學甲區宅港里,-241,56,297,499,758,0.7,莊天明,無
臺南市學甲區平和里,-422,65,487,619,957,0.6,陳學先,無
臺南市學甲區慈福里,-551,260,811,1360,1919,0.7,李新進,無
臺南市學甲區新榮里,-258,331,589,1724,2458,0.7,謝佑敏,無
臺南市學甲區新達里,-574,221,795,1296,1951,0.7,陳敏男,無
臺南市學甲區明宜里,-350,215,565,1281,1820,0.7,凃志宏,無
臺南市學甲區秀昌里,-844,329,1173,1647,2421,0.7,謝金雀,無
臺南市學甲區豐和里,-456,100,556,759,1144,0.7,賴清田,無
臺南市安南區佃東里,-1137,475,1612,2281,3321,0.7,程全祿,無
臺南市安南區佃西里,-608,308,916,1435,2096,0.7,高進見,無
臺南市安南區公親里,-441,168,609,802,1112,0.7,王金樹,無
臺南市安南區公里,-438,131,569,728,1025,0.7,林宏男,無
臺南市安南區南興里,-435,240,675,1275,1854,0.7,施柏男,無
臺南市安南區原佃里,-714,336,1050,1550,2161,0.7,莊國隆,無
臺南市安南區四草里,-544,222,766,1302,1839,0.7,王秋萍,無
臺南市安南區國安里,-83,959,1042,3375,4490,0.8,吳清標,無
臺南市安南區城中里,-272,151,423,751,1022,0.7,郭美惠,無
臺南市安南區城北里,-526,240,766,1083,1527,0.7,郭昆財,無
臺南市安南區城南里,-649,434,1083,2285,3281,0.7,蔡炳輝,無
臺南市安南區城東里,-590,214,804,1048,1570,0.7,郭峻民,無
臺南市安南區城西里,-500,161,661,984,1397,0.7,嚴文正,無
臺南市安南區塩田里,-489,243,732,1107,1558,0.7,朱小蓮,無
臺南市安南區大安里,-389,522,911,2651,3672,0.7,陳瑞賀,民主進步黨
臺南市安南區媽祖宮里,-526,174,700,954,1405,0.7,林志英,無
臺南市安南區學東里,-352,412,764,1891,2826,0.7,黃南忠,無
臺南市安南區安和里,-404,289,693,1526,2059,0.7,郭榮珍,無
臺南市安南區安富里,-494,782,1276,3764,5260,0.7,翁健倫,民主進步黨
臺南市安南區安慶里,-799,1010,1809,4602,6207,0.7,王崑茂,無
臺南市安南區安東里,-841,429,1270,2047,2779,0.7,吳金城,民主進步黨
臺南市安南區安西里,-166,571,737,2763,3624,0.8,黃文沛,無
臺南市安南區安順里,-792,838,1630,3552,4802,0.7,陳進明,無
臺南市安南區州北里,-1112,648,1760,3222,4360,0.7,康瀚仁,無
臺南市安南區州南里,-967,791,1758,3714,5109,0.7,涂文財,民主進步黨
臺南市安南區布袋里,-303,271,574,1192,1660,0.7,陳明堂,無
臺南市安南區幸福里,-698,511,1209,2603,3478,0.7,許金海,無
臺南市安南區新順里,-1526,1079,2605,4761,6406,0.7,陳賈,無
臺南市安南區東和里,-412,570,982,2212,2953,0.7,曾靖凱,無
臺南市安南區梅花里,-615,606,1221,2846,3925,0.7,林思萍,無
臺南市安南區海佃里,-489,526,1015,3027,4147,0.7,陳輝勝,無
臺南市安南區海南里,-58,541,599,2085,2796,0.7,陳金魚,無
臺南市安南區海東里,-1733,808,2541,3862,5543,0.7,郭東勛,無
臺南市安南區海西里,-265,371,636,1952,2716,0.7,邱坤煌,無
臺南市安南區淵中里,-1122,418,1540,2189,3168,0.7,吳孟忠,無
臺南市安南區淵東里,-576,752,1328,3321,4677,0.7,黃旺根,無
臺南市安南區淵西里,-353,632,985,2675,3815,0.7,周竹抱,無
臺南市安南區溪北里,-660,349,1009,1946,2619,0.7,王東從,無
臺南市安南區溪墘里,-743,368,1111,2174,2942,0.7,蕭旭峰,民主進步黨
臺南市安南區溪心里,-1937,1209,3146,5195,7954,0.7,劉澤民,無
臺南市安南區溪東里,-1086,729,1815,3221,4286,0.8,林清遙,無
臺南市安南區溪頂里,-544,634,1178,3108,4235,0.7,施建安,無
臺南市安南區理想里,-1224,550,1774,3212,4303,0.7,鄭順,民主進步黨
臺南市安南區砂崙里,-543,173,716,905,1279,0.7,陳泰豐,無
臺南市安南區總頭里,-492,234,726,1284,1763,0.7,蔡忠明,無
臺南市安南區長安里,-506,715,1221,3353,4676,0.7,鄭銘學,無
臺南市安南區青草里,-536,162,698,948,1463,0.6,魏武雄,無
臺南市安南區頂安里,-1389,725,2114,3380,4540,0.7,吳勝智,無
臺南市安南區鳳凰里,-909,559,1468,2955,4270,0.7,施文瑞,無
臺南市安南區鹿耳里,-245,119,364,588,846,0.7,蕭琮憲,無
臺南市安南區南里,-1620,715,2335,3303,4530,0.7,林同寳,無
臺南市安定區中榮里,-504,297,801,1261,1708,0.7,翁炳煙,無
臺南市安定區中沙里,-302,92,394,540,690,0.8,王猷欽,無
臺南市安定區嘉同里,-650,266,916,1634,2264,0.7,王文章,無
臺南市安定區安加里,-564,240,804,1520,2123,0.7,王美翔,無
臺南市安定區安定里,-383,189,572,982,1311,0.7,歐陽春彥,無
臺南市安定區文科里,-634,193,827,1148,1592,0.7,蕭瑞興,無
臺南市安定區新吉里,-744,335,1079,1780,2444,0.7,方振漢,無
臺南市安定區海寮里,-989,307,1296,1792,2476,0.7,王昭彬,無
臺南市安定區港南里,-709,414,1123,1954,2632,0.7,王成章,無
臺南市安定區港口里,-258,404,662,2095,2865,0.7,王國春,無
臺南市安定區港尾里,-612,177,789,1067,1440,0.7,鄭道隆,無
臺南市安定區蘇厝里,-467,305,772,1426,1975,0.7,張慶財,無
臺南市安定區蘇林里,-457,291,748,1588,2037,0.8,楊國華,無
臺南市安平區億載里,-921,478,1399,2227,3086,0.7,鄭聰維,無
臺南市安平區國平里,-885,1353,2238,5918,8152,0.7,蔡明宏,無
臺南市安平區天妃里,-1321,347,1668,2232,3085,0.7,周明財,無
臺南市安平區平安里,-1001,368,1369,2286,3196,0.7,蔡陳阿麗,無
臺南市安平區平通里,-638,1100,1738,5078,7353,0.7,魏富翔,無
臺南市安平區建平里,-811,794,1605,3775,5203,0.7,傅建峰,無
臺南市安平區怡平里,-210,708,918,3007,4204,0.7,蔡錦庭,無
臺南市安平區文平里,-1529,799,2328,4023,5375,0.7,李瑞福,民主進步黨
臺南市安平區漁光里,-197,43,240,288,402,0.7,林寧峰,無
臺南市安平區王城里,-887,271,1158,1856,2691,0.7,黃景星,民主進步黨
臺南市安平區育平里,-924,1266,2190,5624,8052,0.7,王國信,無
臺南市安平區華平里,-707,693,1400,3516,4800,0.7,張哲賓,無
臺南市安平區金城里,-381,274,655,1432,2013,0.7,歐明仁,無
臺南市官田區二鎮里,-991,429,1420,2308,3200,0.7,陳麒麟,無
臺南市官田區南廍里,-361,141,502,819,1206,0.7,李榮吉,無
臺南市官田區大崎里,-88,27,115,259,388,0.7,陳延海,無
臺南市官田區官田里,-587,273,860,1406,2006,0.7,陳泰興,無
臺南市官田區東西庄里,-495,145,640,1247,1702,0.7,胡漢榮,無
臺南市官田區渡拔里,-615,276,891,1799,2386,0.8,賴禮,無
臺南市官田區烏山頭里,-464,120,584,844,1150,0.7,胡宏孟,無
臺南市官田區社子里,-246,71,317,559,792,0.7,陳啓章,無
臺南市官田區隆本里,-1132,481,1613,2533,3476,0.7,陳果生,無
臺南市官田區隆田里,-493,199,692,1325,1892,0.7,洪榮典,無
臺南市將軍區將軍里,-564,113,677,956,1430,0.7,吳儒益,無
臺南市將軍區巷埔里,-365,74,439,713,1089,0.7,吳武宗,無
臺南市將軍區平沙里,-389,87,476,674,1095,0.6,吳志凱,無
臺南市將軍區廣山里,-267,37,304,320,587,0.5,吳泰源,無
臺南市將軍區忠嘉里,-577,263,840,1569,2364,0.7,黃惠,無
臺南市將軍區玉山里,-333,48,381,490,805,0.6,邱家和,無
臺南市將軍區苓仔寮里,-671,198,869,1279,1901,0.7,黃信升,無
臺南市將軍區西甲里,-571,219,790,1550,2263,0.7,戴大川,無
臺南市將軍區長榮里,-182,139,321,777,1091,0.7,謝杉,無
臺南市將軍區長沙里,-511,73,584,759,1262,0.6,陳瑜,無
臺南市將軍區鯤溟里,-298,65,363,557,954,0.6,周吉明,無
臺南市將軍區鯤鯓里,-457,133,590,1165,1756,0.7,王燕宗,無
臺南市山上區南洲里,-605,174,779,1002,1444,0.7,李振家,無
臺南市山上區山上里,-209,133,342,739,1056,0.7,郭文仁,無
臺南市山上區平陽里,-134,50,184,267,350,0.8,董振錫,無
臺南市山上區新莊里,-267,119,386,638,904,0.7,陳朝家,無
臺南市山上區明和里,-334,185,519,1103,1591,0.7,田財益,無
臺南市山上區玉峯里,-173,32,205,364,536,0.7,陳啓瑞,無
臺南市山上區豐德里,-98,42,140,256,372,0.7,李明良,無
臺南市左鎮區中正里,-206,48,254,422,667,0.6,尤世旭,無
臺南市左鎮區二寮里,-84,12,96,128,169,0.8,楊來枝,無
臺南市左鎮區光和里,-134,18,152,229,342,0.7,卓勝安,無
臺南市左鎮區內庄里,-107,13,120,221,332,0.7,謝龍泉,無
臺南市左鎮區岡林里,-161,21,182,244,377,0.6,羅周文,無
臺南市左鎮區左鎮里,-140,40,180,293,429,0.7,林谷芳,無
臺南市左鎮區榮和里,-148,45,193,411,594,0.7,胡添丁,無
臺南市左鎮區澄山里,-183,27,210,291,446,0.7,穆宏男,無
臺南市左鎮區睦光里,-109,28,137,222,320,0.7,黃永發,無
臺南市左鎮區草山里,-105,10,115,159,264,0.6,車福耀,無
臺南市後壁區上茄苳里,-653,199,852,1441,2047,0.7,黃崑茂,無
臺南市後壁區侯伯里,-345,121,466,797,1196,0.7,廖俊斌,無
臺南市後壁區嘉苳里,-356,151,507,834,1207,0.7,蔡德聖,無
臺南市後壁區土溝里,-472,139,611,847,1221,0.7,林木己,無
臺南市後壁區後壁里,-620,182,802,1094,1547,0.7,陳志成,無
臺南市後壁區新嘉里,-322,88,410,630,919,0.7,李崑木,無
臺南市後壁區新東里,-552,203,755,1035,1593,0.6,徐育新,無
臺南市後壁區福安里,-612,192,804,1140,1685,0.7,林明智,無
臺南市後壁區竹新里,-265,132,397,899,1269,0.7,王振銘,無
臺南市後壁區菁寮里,-302,122,424,879,1300,0.7,張文哲,無
臺南市後壁區菁豐里,-481,118,599,805,1164,0.7,楊玉年,無
臺南市後壁區長安里,-319,130,449,793,1141,0.7,黃秀梅,無
臺南市後壁區長短樹里,-595,180,775,1295,1885,0.7,黃麗盆,無
臺南市後壁區頂安里,-408,129,537,847,1222,0.7,林丁和,無
臺南市新化區全興里,-877,401,1278,2082,2755,0.8,林慶隆,無
臺南市新化區北勢里,-472,205,677,1048,1449,0.7,鄭國正,無
臺南市新化區協興里,-605,372,977,2297,3136,0.7,孫麒傑,無
臺南市新化區唪口里,-864,282,1146,1534,2083,0.7,蔡福成,無
臺南市新化區大坑里,-140,41,181,306,401,0.8,黃永源,無
臺南市新化區太平里,-1446,653,2099,3234,4373,0.7,李朝勝,無
臺南市新化區山脚里,-374,331,705,1409,1989,0.7,林和村,無
臺南市新化區崙頂里,-817,290,1107,1579,2050,0.8,林水鮫,無
臺南市新化區東榮里,-406,517,923,2820,3938,0.7,劉桂雄,無
臺南市新化區武安里,-446,413,859,2236,2960,0.8,林保全,無
臺南市新化區知義里,-851,217,1068,1490,2046,0.7,張嘉榮,無
臺南市新化區礁坑里,-315,57,372,613,876,0.7,楊秀妙,無
臺南市新化區羊林里,-432,104,536,637,876,0.7,黃啟展,無
臺南市新化區護國里,-860,296,1156,1809,2591,0.7,張國能,無
臺南市新化區豐榮里,-593,472,1065,2341,3197,0.7,蔡素眞,無
臺南市新化區𦰡拔里,-729,270,999,1439,1988,0.7,李瑞雄,無
臺南市新市區三舍里,-299,229,528,1158,1559,0.7,林華郎,無
臺南市新市區大洲里,-157,126,283,525,710,0.7,張雅倫,無
臺南市新市區大營里,-604,563,1167,2490,3385,0.7,朱文奎,無
臺南市新市區大社里,-680,645,1325,3260,4402,0.7,李清發,無
臺南市新市區新和里,-1983,1098,3081,4774,6412,0.7,李富文,無
臺南市新市區新市里,-937,400,1337,2059,2876,0.7,鄭明堂,無
臺南市新市區永就里,-574,469,1043,2154,2857,0.8,李昭慶,無
臺南市新市區港墘里,-156,513,669,2341,3224,0.7,張鋒文,無
臺南市新市區潭頂里,-401,242,643,1302,1753,0.7,李淑帆,無
臺南市新市區社內里,-478,528,1006,2155,2870,0.8,魏千富,無
臺南市新市區豐華里,-209,106,315,609,838,0.7,謝成,無
臺南市新營區三仙里,-551,324,875,1893,2681,0.7,范二任,無
臺南市新營區中營里,-350,167,517,773,1070,0.7,蔡牧謙,無
臺南市新營區五興里,-596,151,747,994,1480,0.7,郭茂松,無
臺南市新營區南紙里,-677,555,1232,2554,3591,0.7,王信雄,無
臺南市新營區南興里,-363,253,616,1507,2228,0.7,林玫伶,無
臺南市新營區嘉芳里,-369,267,636,1241,1824,0.7,吳正宇,無
臺南市新營區土庫里,-531,166,697,958,1369,0.7,林旭清,無
臺南市新營區埤寮里,-316,203,519,1075,1562,0.7,林枝安,無
臺南市新營區大宏里,-794,340,1134,1896,2689,0.7,蔡崇名,中國國民黨
臺南市新營區太北里,-391,239,630,1217,1679,0.7,洪進忠,無
臺南市新營區太南里,-417,197,614,1101,1671,0.7,何武祥,無
臺南市新營區姑爺里,-350,80,430,550,832,0.7,王月順,無
臺南市新營區忠政里,-1633,552,2185,3077,4382,0.7,程崑藤,中國國民黨
臺南市新營區新北里,-1083,811,1894,3517,4904,0.7,陳登山,無
臺南市新營區新南里,-1162,929,2091,3834,5249,0.7,沈崑寶,無
臺南市新營區新東里,-726,1151,1877,4692,6382,0.7,盧素香,中國國民黨
臺南市新營區民榮里,-761,624,1385,2978,4334,0.7,黃新義,民主進步黨
臺南市新營區民權里,-377,263,640,1527,2162,0.7,王獻德,無
臺南市新營區民生里,-780,413,1193,2095,3040,0.7,陳慶祥,無
臺南市新營區永平里,-812,271,1083,1698,2418,0.7,陳國安,無
臺南市新營區王公里,-556,547,1103,2687,3829,0.7,沈崑田,無
臺南市新營區興業里,-594,228,822,1199,1706,0.7,蔡利發,無
臺南市新營區護鎮里,-290,174,464,934,1310,0.7,陳添龍,無
臺南市東區中西里,-412,413,825,2042,2820,0.7,郭信成,無
臺南市東區仁和里,-545,717,1262,3261,4443,0.7,潘裕良,無
臺南市東區南聖里,-305,405,710,1899,2456,0.8,王旭新,無
臺南市東區和平里,-1172,756,1928,3676,5007,0.7,洪榮俊,無
臺南市東區圍下里,-609,197,806,1280,1718,0.7,石桂霖,無
臺南市東區大同里,-269,341,610,1941,2769,0.7,侯雲靚,無
臺南市東區大學里,-338,125,463,725,976,0.7,黄荀武,中國國民黨
臺南市東區大德里,-380,154,534,1023,1408,0.7,黃玉女,無
臺南市東區大智里,-980,938,1918,4702,6352,0.7,黃日新,無
臺南市東區大福里,-565,165,730,1087,1514,0.7,陳錦秀,民主進步黨
臺南市東區富強里,-578,651,1229,3202,4282,0.7,侯信崇,無
臺南市東區富裕里,-586,285,871,1539,2113,0.7,董進龍,無
臺南市東區小東里,-634,567,1201,2973,4045,0.7,余天翔,無
臺南市東區崇信里,-1091,500,1591,2625,4271,0.6,葉輝宏,無
臺南市東區崇善里,-579,737,1316,3774,4899,0.8,陳建銘,民主進步黨
臺南市東區崇學里,-885,361,1246,2018,2764,0.7,陳長提,中國國民黨
臺南市東區崇德里,-1294,695,1989,3227,4268,0.8,陳福來,中國國民黨
臺南市東區崇成里,-754,417,1171,2064,2754,0.7,陳文進,中國國民黨
臺南市東區崇文里,-1074,892,1966,4223,5624,0.8,陳冠瑒,中國國民黨
臺南市東區崇明里,-506,534,1040,2829,3821,0.7,李仁慈,無
臺南市東區崇誨里,-215,307,522,1651,2277,0.7,趙洪芝,中國國民黨
臺南市東區後甲里,-449,371,820,2021,2744,0.7,王南寶,中國國民黨
臺南市東區復興里,-702,422,1124,2367,3209,0.7,陳郭玉指,民主進步黨
臺南市東區德光里,-1205,515,1720,2830,3776,0.7,曾國全,中國國民黨
臺南市東區德高里,-738,493,1231,2443,3237,0.8,蘇秀敏,無
臺南市東區忠孝里,-467,565,1032,2951,4005,0.7,吳清安,無
臺南市東區成大里,-342,215,557,1294,1838,0.7,張歸樵,無
臺南市東區文聖里,-847,676,1523,3176,4186,0.8,鄭林勝時,無
臺南市東區新東里,-227,286,513,1720,2275,0.8,江艷嬪,中國國民黨
臺南市東區東光里,-622,651,1273,3394,4588,0.7,劉金幸,無
臺南市東區東安里,-478,136,614,855,1275,0.7,吳參賢,中國國民黨
臺南市東區東明里,-552,369,921,2045,2784,0.7,郭秀琴,無
臺南市東區東智里,-599,446,1045,2207,2948,0.7,陳素芳,中國國民黨
臺南市東區東聖里,-543,286,829,1555,2137,0.7,黃英慈,無
臺南市東區東門里,-421,193,614,1192,1674,0.7,劉家銘,無
臺南市東區泉南里,-1415,560,1975,3249,4446,0.7,洪孟甫,中國國民黨
臺南市東區自強里,-731,771,1502,3767,5138,0.7,魏伊鈴,無
臺南市東區莊敬里,-495,518,1013,2541,3398,0.7,林志勲,無
臺南市東區虎尾里,-1473,757,2230,3801,5024,0.8,李泓嶢,無
臺南市東區衛國里,-193,183,376,1048,1454,0.7,陳積慶,無
臺南市東區裕聖里,-930,907,1837,3635,4660,0.8,黃姿雅,無
臺南市東區裕農里,-898,393,1291,2043,2774,0.7,陳良濱,中國國民黨
臺南市東區路東里,-526,218,744,1124,1534,0.7,楊華珍,無
臺南市東區關聖里,-563,741,1304,3335,4472,0.7,周楹婍,無
臺南市東區龍山里,-1394,622,2016,3280,4453,0.7,許福銘,無
臺南市東山區三榮里,-310,88,398,527,892,0.6,白進德,無
臺南市東山區南勢里,-351,69,420,594,1016,0.6,何致周,民主進步黨
臺南市東山區南溪里,-151,26,177,225,402,0.6,洪志忠,無
臺南市東山區大客里,-338,94,432,587,1002,0.6,楊蒼文,無
臺南市東山區嶺南里,-205,41,246,352,608,0.6,陳慶銘,無
臺南市東山區東中里,-626,268,894,1552,2340,0.7,蘇木武,無
臺南市東山區東原里,-685,138,823,1171,1940,0.6,葉孟亮,無
臺南市東山區東山里,-453,163,616,865,1380,0.6,卓睿杰,無
臺南市東山區東正里,-488,121,609,868,1356,0.6,蘇明田,無
臺南市東山區東河里,-189,81,270,517,778,0.7,吳火生,無
臺南市東山區林安里,-176,21,197,219,365,0.6,楊琇雯,無
臺南市東山區水雲里,-95,30,125,213,366,0.6,劉庭興,無
臺南市東山區科里里,-396,93,489,721,1129,0.6,王元正,無
臺南市東山區聖賢里,-383,171,554,1204,1775,0.7,林俊儀,無
臺南市東山區青山里,-331,83,414,576,1002,0.6,沈淑惠,無
臺南市東山區高原里,-342,63,405,498,850,0.6,羅献龍,無
臺南市柳營區中埕里,-227,179,406,813,1159,0.7,王玉葉,無
臺南市柳營區人和里,-186,85,271,490,683,0.7,施明朝,無
臺南市柳營區光福里,-300,199,499,1111,1548,0.7,黃啟峰,無
臺南市柳營區八翁里,-403,188,591,940,1343,0.7,林靜芳,無
臺南市柳營區士林里,-382,250,632,1273,1818,0.7,蔡金生,無
臺南市柳營區大農里,-159,74,233,450,630,0.7,吳峰欽,無
臺南市柳營區太康里,-445,165,610,979,1429,0.7,楊景棠,無
臺南市柳營區旭山里,-538,170,708,890,1427,0.6,張文獻,無
臺南市柳營區東昇里,-625,386,1011,1982,2723,0.7,楊清風,無
臺南市柳營區果毅里,-327,145,472,782,1133,0.7,張順士,無
臺南市柳營區神農里,-505,138,643,851,1274,0.7,蔡明燈,無
臺南市柳營區篤農里,-453,132,585,837,1220,0.7,陳献堂,無
臺南市柳營區重溪里,-559,219,778,1142,1668,0.7,蔡明宏,無
臺南市楠西區密枝里,-242,49,291,401,640,0.6,林明杉,無
臺南市楠西區東勢里,-952,203,1155,1414,2116,0.7,張事民,無
臺南市楠西區楠西里,-743,178,921,1106,1694,0.7,劉富誠,無
臺南市楠西區灣丘里,-430,64,494,668,1055,0.6,龎順吉,無
臺南市楠西區照興里,-470,89,559,615,915,0.7,江森原,無
臺南市楠西區鹿田里,-268,65,333,620,852,0.7,黃漢威,無
臺南市楠西區龜丹里,-211,46,257,419,599,0.7,林茂松,無
臺南市歸仁區七甲里,-1100,509,1609,2511,3366,0.7,郭世文,無
臺南市歸仁區八甲里,-925,370,1295,1996,2706,0.7,黃國勛,無
臺南市歸仁區六甲里,-567,541,1108,2699,3922,0.7,林石象,無
臺南市歸仁區南保里,-304,836,1140,4315,5742,0.8,黃良生,無
臺南市歸仁區南興里,-1490,630,2120,3127,4114,0.8,朱璟漢,無
臺南市歸仁區大廟里,-537,488,1025,2355,3092,0.8,陳淩澤,無
臺南市歸仁區大潭里,-423,261,684,1369,1853,0.7,林俊成,無
臺南市歸仁區媽廟里,-762,215,977,1400,1879,0.7,張宏志,無
臺南市歸仁區崙頂里,-920,461,1381,2352,3017,0.8,徐進德,無
臺南市歸仁區後市里,-1051,456,1507,2294,3118,0.7,張文義,無
臺南市歸仁區文化里,-415,399,814,2094,2804,0.7,黃國棟,無
臺南市歸仁區新厝里,-611,351,962,1787,2395,0.7,林文斌,無
臺南市歸仁區武東里,-558,237,795,1247,1905,0.7,劉延欽,無
臺南市歸仁區歸仁里,-386,294,680,1651,2226,0.7,嚴銓鑫,無
臺南市歸仁區歸南里,-737,295,1032,1681,2232,0.8,吳忠霖,無
臺南市歸仁區沙崙里,-264,103,367,603,821,0.7,李明山,無
臺南市歸仁區看東里,-645,252,897,1348,1799,0.7,王正慎,無
臺南市歸仁區看西里,-731,303,1034,1647,2190,0.8,楊專成,無
臺南市歸仁區西埔里,-391,232,623,1264,1617,0.8,鄭福利,無
臺南市歸仁區許厝里,-872,511,1383,2458,3235,0.8,陳素鸞,無
臺南市歸仁區辜厝里,-1182,452,1634,2373,3173,0.7,陳朝騫,無
臺南市永康區三合里,-367,510,877,2398,3400,0.7,朱水發,無
臺南市永康區三民里,-560,192,752,1078,1442,0.7,陳和志,無
臺南市永康區中興里,-1076,446,1522,2348,3196,0.7,楊家銘,中國國民黨
臺南市永康區中華里,-469,403,872,2100,2745,0.8,林再益,無
臺南市永康區二王里,-1250,1225,2475,5525,7596,0.7,謝文奇,無
臺南市永康區五王里,-220,771,991,3884,5511,0.7,陳志宏,民主進步黨
臺南市永康區光復里,-190,126,316,514,754,0.7,蔡金山,無
臺南市永康區六合里,-997,833,1830,3882,5363,0.7,李信輝,民主進步黨
臺南市永康區勝利里,-1131,1165,2296,5538,7846,0.7,楊遠波,無
臺南市永康區北灣里,-179,602,781,2945,4006,0.7,方富詳,無
臺南市永康區北興里,-1845,840,2685,3818,5062,0.8,鄭文生,無
臺南市永康區南灣里,-1162,509,1671,2717,3736,0.7,詹瑞美,無
臺南市永康區埔園里,-2032,1193,3225,5287,7153,0.7,柯景維,民主進步黨
臺南市永康區塩洲里,-1568,849,2417,4139,5558,0.7,毛三宝,無
臺南市永康區塩興里,-550,781,1331,2950,4106,0.7,鄭進在,無
臺南市永康區塩行里,-832,685,1517,3511,4777,0.7,劉天福,民主進步黨
臺南市永康區大橋里,-677,795,1472,3964,5365,0.7,李建志,無
臺南市永康區大灣里,-1189,481,1670,2498,3369,0.7,鄭文義,無
臺南市永康區安康里,-589,692,1281,3278,4722,0.7,王君哲,無
臺南市永康區尚頂里,-542,537,1079,2726,3741,0.7,周三貴,無
臺南市永康區崑山里,-1042,790,1832,4176,5644,0.7,李忠信,無
臺南市永康區建國里,-362,300,662,1345,1869,0.7,鍾國寶,中國國民黨
臺南市永康區復國里,-687,1316,2003,5872,8245,0.7,林水池,無
臺南市永康區復興里,-483,190,673,1184,1820,0.7,吳秋明,中國國民黨
臺南市永康區復華里,-1662,1433,3095,6539,9050,0.7,王松俊,無
臺南市永康區成功里,-528,275,803,1438,2014,0.7,曾文俊,無
臺南市永康區新樹里,-804,287,1091,1505,2069,0.7,陳日祥,無
臺南市永康區東橋里,-792,1458,2250,5437,7302,0.7,王怡舜,無
臺南市永康區東灣里,-877,421,1298,2461,3393,0.7,李明堂,無
臺南市永康區正強里,-1563,1051,2614,5290,7268,0.7,遊國生,無
臺南市永康區永康里,-1712,1188,2900,5637,8894,0.6,魏萬順,無
臺南市永康區永明里,-1445,758,2203,3328,4534,0.7,吳深濤,無
臺南市永康區烏竹里,-407,462,869,2122,2887,0.7,鄭美妙,無
臺南市永康區王行里,-925,328,1253,1769,2404,0.7,陳丁為,無
臺南市永康區甲頂里,-699,308,1007,1625,2125,0.8,吳和祥,民主進步黨
臺南市永康區神洲里,-394,202,596,818,1199,0.7,歐煌崇,無
臺南市永康區網寮里,-808,1101,1909,4958,6828,0.7,魏銘城,無
臺南市永康區蔦松里,-388,300,688,1351,1833,0.7,許金龍,無
臺南市永康區西勢里,-1166,904,2070,4496,6104,0.7,郭芳默,無
臺南市永康區西橋里,-530,422,952,2104,2937,0.7,黃明同,無
臺南市永康區西灣里,-1460,1124,2584,5327,7094,0.8,李元慶,無
臺南市永康區龍埔里,-737,819,1556,2933,3897,0.8,沈育濃,無
臺南市永康區龍潭里,-747,911,1658,4347,6021,0.7,李俊銘,無
臺南市玉井區三和里,-335,53,388,474,670,0.7,李寶雄,無
臺南市玉井區三埔里,-182,52,234,295,469,0.6,陳金敏,無
臺南市玉井區中正里,-475,108,583,753,1123,0.7,王清風,無
臺南市玉井區層林里,-207,44,251,369,550,0.7,嚴福春,無
臺南市玉井區望明里,-558,143,701,931,1408,0.7,李麗華,無
臺南市玉井區沙田里,-140,48,188,333,477,0.7,王美華,無
臺南市玉井區玉井里,-511,131,642,760,1136,0.7,葉俊甫,無
臺南市玉井區玉田里,-795,450,1245,2370,3474,0.7,楊秀慧,無
臺南市玉井區竹圍里,-539,139,678,870,1350,0.6,劉木圍,無
臺南市玉井區豐里里,-315,64,379,588,900,0.7,羅銘輝,無
臺南市白河區仙草里,-357,75,432,648,1090,0.6,詹宗梧,無
臺南市白河區內角里,-195,51,246,408,610,0.7,魏榮俊,無
臺南市白河區六溪里,-153,28,181,273,463,0.6,鐘德銘,無
臺南市白河區外角里,-425,151,576,850,1333,0.6,盛偉崇,無
臺南市白河區大林里,-222,47,269,337,536,0.6,吳豐君,無
臺南市白河區大竹里,-487,130,617,852,1295,0.7,陳國禎,無
臺南市白河區崁頭里,-129,27,156,200,339,0.6,陳惠君,無
臺南市白河區崎內里,-200,53,253,423,669,0.6,林志鴻,無
臺南市白河區庄內里,-285,178,463,1080,1544,0.7,張國南,無
臺南市白河區廣蓮里,-464,135,599,941,1386,0.7,賴俊霖,無
臺南市白河區昇安里,-540,160,700,893,1278,0.7,張春美,無
臺南市白河區永安里,-930,336,1266,2013,2844,0.7,葉辛芳,無
臺南市白河區汴頭里,-181,43,224,420,667,0.6,李進財,無
臺南市白河區河東里,-276,120,396,858,1258,0.7,劉朝仁,無
臺南市白河區白河里,-415,172,587,1108,1628,0.7,沈美菊,無
臺南市白河區秀祐里,-306,110,416,604,865,0.7,胡峰誠,無
臺南市白河區竹門里,-131,107,238,549,808,0.7,陳新店,無
臺南市白河區虎山里,-127,43,170,289,415,0.7,吳昕璨,民主進步黨
臺南市白河區詔豐里,-533,168,701,1231,1840,0.7,曾中成,無
臺南市白河區關嶺里,-224,65,289,601,944,0.6,蔡宗羲,無
臺南市白河區馬稠後里,-283,96,379,766,1217,0.6,陳石圍,無
臺南市西港區劉厝里,-379,175,554,1072,1461,0.7,劉盈發,無
臺南市西港區南海里,-815,330,1145,1879,2586,0.7,黃光暉,無
臺南市西港區後營里,-368,160,528,987,1462,0.7,方隆民,無
臺南市西港區慶安里,-1347,527,1874,2919,4110,0.7,吳明欽,無
臺南市西港區新復里,-311,103,414,589,802,0.7,黃國文,無
臺南市西港區永樂里,-532,158,690,969,1337,0.7,郭吉山,無
臺南市西港區港東里,-635,198,833,1178,1620,0.7,方郭秀雲,無
臺南市西港區營西里,-497,178,675,1003,1439,0.7,方世雄,無
臺南市西港區竹林里,-627,125,752,956,1333,0.7,郭慶郎,無
臺南市西港區西港里,-1042,387,1429,2249,3085,0.7,徐國安,無
臺南市西港區金砂里,-307,73,380,550,742,0.7,黃金清,無
臺南市西港區檨林里,-568,170,738,1101,1547,0.7,謝文賢,無
臺南市關廟區下湖里,-141,43,184,339,433,0.8,董錦松,無
臺南市關廟區五甲里,-615,398,1013,2354,3148,0.7,盧振良,民主進步黨
臺南市關廟區北勢里,-1029,301,1330,1782,2445,0.7,郭水道,無
臺南市關廟區埤頭里,-738,242,980,1362,1885,0.7,許文進,無
臺南市關廟區山西里,-836,251,1087,1496,1997,0.7,楊啓賢,無
臺南市關廟區布袋里,-505,105,610,795,1134,0.7,陳龍目,無
臺南市關廟區新光里,-317,49,366,439,644,0.7,黃瑞池,無
臺南市關廟區新埔里,-270,150,420,724,1019,0.7,張敬仁,無
臺南市關廟區東勢里,-1140,395,1535,2187,2999,0.7,方耀南,無
臺南市關廟區松腳里,-486,249,735,1423,1898,0.7,楊文慶,無
臺南市關廟區深坑里,-234,149,383,1061,1406,0.8,林國治,無
臺南市關廟區花園里,-1254,400,1654,2499,3391,0.7,郭文郁,無
臺南市關廟區關廟里,-925,322,1247,1660,2228,0.7,楊宗輝,無
臺南市關廟區香洋里,-655,386,1041,2281,3051,0.7,盧建平,無
臺南市關廟區龜洞里,-427,151,578,1061,1433,0.7,洪世東,無
臺南市鹽水區三和里,-273,78,351,557,853,0.7,王坤泉,無
臺南市鹽水區三明里,-209,145,354,996,1459,0.7,趙添成,無
臺南市鹽水區坔頭港里,-382,153,535,881,1292,0.7,莊福順,無
臺南市鹽水區岸內里,-687,503,1190,2554,3791,0.7,陳盈利,無
臺南市鹽水區文昌里,-148,82,230,616,935,0.7,王武龍,無
臺南市鹽水區月港里,-496,155,651,1040,1495,0.7,白春桐,無
臺南市鹽水區橋南里,-740,437,1177,2388,3577,0.7,陳榮斌,無
臺南市鹽水區歡雅里,-565,170,735,997,1551,0.6,趙榮其,無
臺南市鹽水區水秀里,-526,173,699,1053,1524,0.7,顏秀盆,無
臺南市鹽水區汫水里,-297,76,373,555,857,0.6,顏瑞欽,無
臺南市鹽水區津城里,-331,143,474,978,1383,0.7,柯永茂,無
臺南市鹽水區竹林里,-192,88,280,705,1017,0.7,佘美卿,無
臺南市鹽水區義中里,-533,167,700,977,1525,0.6,陳續賢,無
臺南市麻豆區中興里,-711,222,933,1344,1871,0.7,吳振和,無
臺南市麻豆區井東里,-657,194,851,1244,1654,0.8,王進文,無
臺南市麻豆區北勢里,-184,92,276,733,1032,0.7,蔡明全,無
臺南市麻豆區南勢里,-323,313,636,1670,2253,0.7,陳天誠,無
臺南市麻豆區埤頭里,-866,269,1135,1578,2230,0.7,李開通,無
臺南市麻豆區大埕里,-573,382,955,2074,2784,0.7,陳焜儔,民主進步黨
臺南市麻豆區安業里,-405,147,552,968,1251,0.8,李士博,無
臺南市麻豆區安正里,-375,103,478,644,923,0.7,李勝忠,無
臺南市麻豆區寮廍里,-383,186,569,1236,1643,0.8,黃煌証,無
臺南市麻豆區巷口里,-452,287,739,1537,2101,0.7,莊信哲,無
臺南市麻豆區新興里,-331,276,607,1407,1866,0.8,葉侑,無
臺南市麻豆區晋江里,-872,285,1157,1751,2350,0.7,榮志強,無
臺南市麻豆區東角里,-774,358,1132,1865,2516,0.7,林釗洧,無
臺南市麻豆區油車里,-1278,407,1685,2553,3374,0.8,施福春,無
臺南市麻豆區海埔里,-587,243,830,1440,2001,0.7,莊宗軒,無
臺南市麻豆區清水里,-512,193,705,1042,1398,0.7,李勝平,無
臺南市麻豆區港尾里,-458,180,638,932,1326,0.7,蔡淑綢,無
臺南市麻豆區興農里,-464,186,650,1081,1453,0.7,孫施秀蘭,無
臺南市麻豆區謝厝寮里,-422,185,607,1235,1592,0.8,謝德道,無
臺南市麻豆區麻口里,-419,150,569,839,1123,0.7,鍾慧琴,無
臺南市龍崎區中坑里,-54,10,64,95,137,0.7,陳茂全,無
臺南市龍崎區土崎里,-284,44,328,395,574,0.7,林宏忠,無
臺南市龍崎區大坪里,-157,17,174,186,259,0.7,余文生,無
臺南市龍崎區崎頂里,-353,84,437,645,930,0.7,黃嘉慶,無
臺南市龍崎區楠坑里,-191,27,218,278,370,0.8,洪坤木,無
臺南市龍崎區牛埔里,-105,18,123,204,265,0.8,陳正印,無
臺南市龍崎區石𥕢里,-187,37,224,276,403,0.7,余瑞凱,無
臺南市龍崎區龍船里,-135,30,165,297,388,0.8,林萬億,無
