村里,2024-2022,2024民眾黨,2022村里長得票,2024投票數,2024選舉人數,2024投票率,里長姓名,里長政黨
臺南市七股區七股里,-304,84,388,587,807,72.74,黃進士,無
臺南市七股區三股里,-444,153,597,858,1254,68.42,黃仙立,無
臺南市七股區中寮里,-241,42,283,363,645,56.28,許全田,無
臺南市七股區十份里,-368,168,536,891,1359,65.56,張明漢,無
臺南市七股區塩埕里,-171,30,201,246,396,62.12,謝勝江,無
臺南市七股區大埕里,-6,305,311,559,819,68.25,陳清文,無
臺南市七股區大潭里,-209,53,262,407,655,62.14,陳中正,無
臺南市七股區後港里,-175,82,257,346,487,71.05,蘇龍標,無
臺南市七股區樹林里,-117,191,308,814,1177,69.16,黃寶田,無
臺南市七股區永吉里,-408,108,516,670,1002,66.87,莊弘松,無
臺南市七股區溪南里,-142,43,185,269,355,75.77,黃郁智,無
臺南市七股區玉成里,-301,81,382,521,732,71.17,陳國慶,無
臺南市七股區竹橋里,-198,111,309,393,565,69.56,郭信忠,無
臺南市七股區篤加里,-153,74,227,528,769,68.66,邱秩明,無
臺南市七股區義合里,-133,210,343,819,1115,73.45,黃文乾,無
臺南市七股區西寮里,-222,28,250,270,416,64.90,柯勝强,無
臺南市七股區頂山里,-313,52,365,514,769,66.84,陳博靜,無
臺南市七股區龍山里,-260,111,371,532,773,68.82,王文財,無
臺南市下營區下營里,-234,134,368,479,695,68.92,姜協成,無
臺南市下營區仁里里,-5,221,226,667,944,70.66,姜美芬,無
臺南市下營區大吉里,-255,143,398,426,671,63.49,李宗益,無
臺南市下營區宅內里,-199,177,376,495,703,70.41,曾進發,無
臺南市下營區後街里,-294,161,455,493,672,73.36,洪丙丁,無
臺南市下營區新興里,-101,285,386,649,959,67.67,林秉融,無
臺南市下營區營前里,-197,238,435,679,996,68.17,姜忠志,無
臺南市下營區紅甲里,-275,236,511,765,1084,70.57,顏榮泰,無
臺南市下營區茅營里,-211,217,428,745,1041,71.57,馮政凱,無
臺南市下營區西連里,-278,98,376,591,818,72.25,林文祥,無
臺南市下營區賀建里,-79,137,216,418,617,67.75,吳志弘,無
臺南市下營區開化里,-116,203,319,646,881,73.33,王清得,無
臺南市中西區五條港里,-102,199,301,698,1001,69.73,邱培華,無
臺南市中西區光賢里,-121,505,626,734,996,73.69,洪金安,無
臺南市中西區兌悅里,-47,409,456,761,1387,54.87,曾雅志,無
臺南市中西區南廠里,102,394,292,624,932,66.95,蔡銘順,民主進步黨
臺南市中西區南美里,-93,329,422,754,1084,69.56,曾朝欽,中國國民黨
臺南市中西區南門里,-173,323,496,896,1220,73.44,蘇雅子,中國國民黨
臺南市中西區城隍里,27,427,400,574,858,66.90,曾景亮,無
臺南市中西區大涼里,-26,380,406,977,1347,72.53,侯福成,無
臺南市中西區小西門里,126,397,271,715,1032,69.28,王重堅,無
臺南市中西區府前里,-60,234,294,655,930,70.43,劉錦融,無
臺南市中西區永華里,-241,322,563,897,1250,71.76,鄭雀燕,無
臺南市中西區法華里,-115,373,488,969,1324,73.19,吳育融,無
臺南市中西區淺草里,-28,270,298,816,1201,67.94,徐孝臣,無
臺南市中西區藥王里,102,363,261,505,715,70.63,侯博仁,無
臺南市中西區西和里,225,591,366,757,1047,72.30,廖昇英,民主進步黨
臺南市中西區西湖里,546,898,352,832,1072,77.61,柯茂全,無
臺南市中西區西賢里,246,680,434,926,1232,75.16,黃聖凱,無
臺南市中西區赤嵌里,48,406,358,861,1256,68.55,陳永菁,無
臺南市中西區郡王里,85,435,350,797,1051,75.83,陳建宇,無
臺南市中西區開山里,-175,302,477,842,1198,70.28,呂基正,無
臺南市仁德區一甲里,-228,367,595,995,1301,76.48,楊富田,無
臺南市仁德區上崙里,466,917,451,606,834,72.66,李紫瑀,無
臺南市仁德區中洲里,-364,287,651,847,1143,74.10,葉清仁,無
臺南市仁德區二行里,-193,242,435,792,1115,71.03,吳權國,無
臺南市仁德區仁和里,-298,191,489,1063,1442,73.72,梁珍全,無
臺南市仁德區仁德里,1087,1364,277,805,1074,74.95,王文道,無
臺南市仁德區仁愛里,-389,171,560,818,1127,72.58,張台昇,無
臺南市仁德區仁義里,1038,1287,249,1048,1382,75.83,鍾銘洋,無
臺南市仁德區保安里,-85,374,459,1019,1379,73.89,顏榮城,民主進步黨
臺南市仁德區土庫里,-208,382,590,1165,1491,78.14,黃富建,無
臺南市仁德區大甲里,-334,244,578,683,911,74.97,許榮宗,無
臺南市仁德區太子里,262,726,464,1008,1335,75.51,徐徽梁,無
臺南市仁德區後壁里,1263,1419,156,1080,1425,75.79,蔡誌倫,無
臺南市仁德區成功里,329,623,294,1014,1405,72.17,鄭晴而,無
臺南市仁德區文賢里,-200,305,505,909,1192,76.26,林江溪,無
臺南市仁德區新田里,-39,471,510,897,1212,74.01,王俊傑,無
臺南市佳里區下營里,-95,165,260,587,823,71.32,楊旻嬌,無
臺南市佳里區佳化里,-238,274,512,784,1112,70.50,張清水,無
臺南市佳里區佳興里,-52,236,288,801,1141,70.20,楊江進,無
臺南市佳里區六安里,-90,506,596,982,1347,72.90,林佩玲,無
臺南市佳里區南勢里,256,709,453,768,1062,72.32,黃進福,無
臺南市佳里區塭內里,-11,280,291,727,1031,70.51,黃錦成,無
臺南市佳里區子龍里,-144,267,411,507,747,67.87,謝清安,無
臺南市佳里區安西里,412,764,352,873,1162,75.13,林國賓,無
臺南市佳里區建南里,305,583,278,720,990,72.73,陳俊銘,無
臺南市佳里區忠仁里,-274,340,614,1000,1406,71.12,楊林錦鴦,無
臺南市佳里區文新里,368,731,363,808,1116,72.40,柯淑華,無
臺南市佳里區東寧里,-138,222,360,761,1032,73.74,陳福全,無
臺南市佳里區民安里,66,210,144,982,1353,72.58,周天財,無
臺南市佳里區海澄里,-81,232,313,808,1157,69.84,楊定昌,無
臺南市佳里區營溪里,-47,129,176,456,661,68.99,莊榮堯,無
臺南市佳里區鎮山里,159,711,552,728,1055,69.00,陳信祿,無
臺南市六甲區七甲里,-227,235,462,612,972,62.96,蔡淵湶,無
臺南市六甲區中社里,109,210,101,662,943,70.20,李黃阿鳳,無
臺南市六甲區二甲里,129,440,311,959,1352,70.93,周朝明,無
臺南市六甲區六甲里,-294,401,695,532,764,69.63,李鴻榮,無
臺南市六甲區大丘里,-199,32,231,333,543,61.33,何成章,無
臺南市六甲區水林里,-251,216,467,770,1125,68.44,李宗霖,無
臺南市六甲區王爺里,-275,33,308,399,663,60.18,許峯榮,無
臺南市六甲區甲南里,-560,156,716,917,1294,70.87,劉國賢,無
臺南市六甲區甲東里,-147,296,443,673,939,71.67,陳子文,無
臺南市六甲區菁埔里,-201,61,262,410,581,70.57,蔡明賢,無
臺南市六甲區龜港里,-289,175,464,923,1365,67.62,許文祥,無
臺南市北區中樓里,-433,168,601,935,1308,71.48,楊政衡,中國國民黨
臺南市北區仁愛里,-38,280,318,880,1119,78.64,郭宜緁,無
臺南市北區元寶里,381,761,380,1115,1649,67.62,李和峰,無
臺南市北區元美里,-8,457,465,848,1058,80.15,侯喬蓁,民主進步黨
臺南市北區公園里,-64,204,268,559,826,67.68,徐富美,無
臺南市北區力行里,-155,319,474,812,1113,72.96,鄭昆福,無
臺南市北區北華里,109,391,282,844,1184,71.28,王黃春子,無
臺南市北區北門里,249,641,392,655,937,69.90,許雅晴,無
臺南市北區合興里,-101,416,517,954,1252,76.20,吳承芳,無
臺南市北區和順里,379,680,301,920,1217,75.60,吳杰,無
臺南市北區大光里,223,565,342,891,1253,71.11,吳坤福,無
臺南市北區大和里,58,521,463,889,1204,73.84,陳美惠,無
臺南市北區大港里,130,736,606,642,846,75.89,黃良賢,無
臺南市北區大興里,-89,356,445,602,890,67.64,黃文宗,無
臺南市北區大豐里,59,556,497,669,984,67.99,余禮南,無
臺南市北區小北里,83,455,372,645,884,72.96,謝水泉,民主進步黨
臺南市北區成功里,89,657,568,1167,1525,76.52,鄭景元,民主進步黨
臺南市北區成德里,372,660,288,835,1134,73.63,王登炎,民主進步黨
臺南市北區振興里,-180,211,391,623,897,69.45,侯美惠,無
臺南市北區文元里,295,588,293,754,993,75.93,吳春美,民主進步黨
臺南市北區文成里,84,415,331,756,993,76.13,蘇來椿,無
臺南市北區東興里,-141,254,395,740,964,76.76,王泉尚,無
臺南市北區正覺里,-56,408,464,750,1024,73.24,吳銅吉,民主進步黨
臺南市北區永祥里,-143,356,499,1058,1445,73.22,李青春,無
臺南市北區福德里,502,876,374,773,989,78.16,林勝緞,民主進步黨
臺南市北區立人里,-283,300,583,985,1350,72.96,陳春津,無
臺南市北區華德里,414,702,288,825,1120,73.66,宋藍美玉,無
臺南市北區賢北里,3,519,516,826,1122,73.62,黃富得,無
臺南市北區重興里,-22,271,293,777,1034,75.15,鄭林阿雪,無
臺南市北區長勝里,85,445,360,792,1140,69.47,吳澐晏,中國國民黨
臺南市北區長興里,-182,289,471,844,1202,70.22,李茂德,無
臺南市北區開元里,51,411,360,769,1100,69.91,翁明樹,無
臺南市北區雙安里,-29,322,351,764,1024,74.61,鄭智化,無
臺南市北門區三光里,-106,114,220,403,624,64.58,侯進枝,無
臺南市北門區保吉里,-156,101,257,429,678,63.27,王忠城,無
臺南市北門區北門里,-101,63,164,277,423,65.48,侯明順,無
臺南市北門區慈安里,-250,68,318,420,707,59.41,陳錦文,無
臺南市北門區文山里,-249,99,348,363,566,64.13,李英信,無
臺南市北門區永隆里,-104,63,167,266,427,62.30,王益,無
臺南市北門區玉港里,-135,54,189,207,318,65.09,陳來盛,無
臺南市北門區蚵寮里,1,117,116,312,530,58.87,洪承富,無
臺南市北門區錦湖里,-254,71,325,525,890,58.99,陳國庸,無
臺南市北門區雙春里,-180,39,219,268,433,61.89,李連興,無
臺南市南化區中坑里,-168,29,197,264,393,67.18,錢百萬,無
臺南市南化區北寮里,-438,101,539,674,1068,63.11,李坤童,無
臺南市南化區北平里,-304,41,345,400,525,76.19,洪明石,無
臺南市南化區南化里,-149,122,271,459,642,71.50,余俊輝,無
臺南市南化區小崙里,-386,59,445,487,742,65.63,張毓仁,無
臺南市南化區東和里,-197,41,238,351,585,60.00,林志明,無
臺南市南化區玉山里,-501,83,584,659,970,67.94,邱永霖,無
臺南市南化區西埔里,-276,50,326,429,685,62.63,陳志得,無
臺南市南化區關山里,-285,101,386,504,921,54.72,謝國男,無
臺南市南區佛壇里,-224,281,505,838,1099,76.25,葉瑞勇,無
臺南市南區光明里,72,511,439,663,919,72.14,黃榮籐,無
臺南市南區再興里,-56,271,327,838,1108,75.63,吳昇柏,無
臺南市南區南華里,-77,302,379,813,1160,70.09,辜福恩,無
臺南市南區南都里,-31,306,337,884,1613,54.80,高麗雲,無
臺南市南區同安里,-152,251,403,804,1102,72.96,林良文,民主進步黨
臺南市南區喜北里,-350,200,550,791,1068,74.06,林鴻儒,無
臺南市南區喜南里,-557,94,651,817,1136,71.92,曹和田,無
臺南市南區喜東里,-173,232,405,783,1079,72.57,蔡祠重,無
臺南市南區國宅里,37,352,315,672,940,71.49,史進財,無
臺南市南區大忠里,-66,569,635,825,1150,71.74,許智雄,無
臺南市南區大恩里,-166,399,565,639,860,74.30,施國熙,無
臺南市南區大成里,42,371,329,994,1306,76.11,鄭宏源,無
臺南市南區大林里,-260,283,543,788,1078,73.10,劉相明,無
臺南市南區府南里,64,617,553,1212,1702,71.21,尤俊銘,無
臺南市南區廣州里,-309,241,550,806,1068,75.47,許林麗玉,無
臺南市南區建南里,208,669,461,891,1157,77.01,江勝雄,民主進步黨
臺南市南區彰南里,-124,165,289,588,848,69.34,吳明達,無
臺南市南區文南里,97,653,556,785,1125,69.78,陳清泉,無
臺南市南區文華里,-98,378,476,802,1060,75.66,李秉樺,無
臺南市南區新昌里,-186,290,476,845,1152,73.35,郭志興,無
臺南市南區新生里,106,432,326,696,1019,68.30,王安國,中國國民黨
臺南市南區新興里,-64,325,389,592,853,69.40,邱志初,民主進步黨
臺南市南區明亮里,28,435,407,760,1016,74.80,蘇三柱,民主進步黨
臺南市南區明德里,-343,260,603,1038,1395,74.41,陳瑞華,中國國民黨
臺南市南區明興里,-82,391,473,1085,1478,73.41,賀少宏,民主進步黨
臺南市南區松安里,-58,198,256,770,1030,74.76,黃高能,無
臺南市南區永寧里,-227,158,385,670,921,72.75,王育貞,無
臺南市南區田寮里,67,366,299,637,890,71.57,王能波,無
臺南市南區省躬里,-87,574,661,894,1239,72.15,杜枝文,無
臺南市南區竹溪里,-17,215,232,575,791,72.69,康益彰,無
臺南市南區興農里,-287,430,717,697,990,70.40,段美珠,無
臺南市南區郡南里,-219,453,672,852,1145,74.41,王全益,民主進步黨
臺南市南區金華里,120,631,511,868,1204,72.09,柯崑城,無
臺南市南區開南里,53,712,659,1138,1624,70.07,梁坤財,無
臺南市南區鯤鯓里,-95,151,246,639,914,69.91,陳金江,無
臺南市南區鹽埕里,62,395,333,600,848,70.75,王文坤,民主進步黨
臺南市善化區什乃里,-411,177,588,864,1182,73.10,王榮勳,無
臺南市善化區光文里,499,857,358,1018,1362,74.74,廖宛崢,無
臺南市善化區六分里,-236,72,308,479,650,73.69,蘇文俊,無
臺南市善化區六德里,-193,137,330,690,995,69.35,楊駕,無
臺南市善化區南關里,-206,256,462,675,918,73.53,許義方,無
臺南市善化區嘉北里,-468,234,702,1167,1580,73.86,梁楊玉華,無
臺南市善化區嘉南里,-400,147,547,748,1044,71.65,林儀伍,無
臺南市善化區坐駕里,152,630,478,995,1336,74.48,林怡珊,無
臺南市善化區小新里,327,787,460,1051,1418,74.12,黃瑞芳,無
臺南市善化區文昌里,-111,409,520,1072,1552,69.07,李立先,無
臺南市善化區文正里,-548,240,788,1123,1541,72.87,胡志賢,無
臺南市善化區昌隆里,-116,257,373,772,1124,68.68,蘇茂榕,無
臺南市善化區東關里,-302,180,482,773,1095,70.59,張碩峯,無
臺南市善化區溪美里,-214,227,441,736,1022,72.02,李志明,無
臺南市善化區牛庄里,-342,263,605,1200,1612,74.44,蘇坤修,無
臺南市善化區田寮里,-373,184,557,1214,1622,74.85,楊柳塘,無
臺南市善化區胡厝里,-109,336,445,789,1074,73.46,陳順隆,無
臺南市善化區胡家里,-437,143,580,871,1198,72.70,陳彥宏,無
臺南市善化區蓮潭里,563,1186,623,1048,1382,75.83,陳紫晶,無
臺南市善化區頂街里,-139,213,352,895,1234,72.53,洪秉鴻,無
臺南市大內區二溪里,-281,66,347,554,775,71.48,葉榮州,無
臺南市大內區內江里,-368,89,457,603,816,73.90,陳俊佑,無
臺南市大內區內郭里,-117,55,172,417,569,73.29,楊文三,無
臺南市大內區大內里,-208,70,278,522,719,72.60,楊王鳳嬌,無
臺南市大內區曲溪里,-240,49,289,395,521,75.82,楊春寶,無
臺南市大內區環湖里,-278,65,343,470,695,67.63,陳義男,無
臺南市大內區石城里,-459,165,624,970,1377,70.44,楊進,無
臺南市大內區石林里,-256,59,315,402,587,68.48,楊士人,無
臺南市大內區石湖里,-28,90,118,461,698,66.05,陳燕姿,無
臺南市大內區頭社里,-404,64,468,631,942,66.99,羅文宗,無
臺南市學甲區三慶里,-2,100,102,363,556,65.29,郭壬貴,無
臺南市學甲區中洲里,-130,132,262,507,756,67.06,林清發,無
臺南市學甲區仁得里,79,472,393,680,957,71.06,林嘉雄,無
臺南市學甲區光華里,-51,102,153,495,785,63.06,邱益在,無
臺南市學甲區大灣里,-377,97,474,613,900,68.11,王登教,無
臺南市學甲區宅港里,-241,56,297,499,758,65.83,莊天明,無
臺南市學甲區平和里,-422,65,487,619,957,64.68,陳學先,無
臺南市學甲區慈福里,105,260,155,423,580,72.93,李新進,無
臺南市學甲區新榮里,3,331,328,812,1179,68.87,陳敏郎,無
臺南市學甲區新達里,9,221,212,486,681,71.37,陳敏男,無
臺南市學甲區明宜里,-39,215,254,688,1024,67.19,邱福進,無
臺南市學甲區秀昌里,-125,329,454,557,804,69.28,謝金雀,無
臺南市學甲區豐和里,-456,100,556,759,1144,66.35,賴清田,無
臺南市安南區佃東里,-140,475,615,669,999,66.97,程全祿,無
臺南市安南區佃西里,-142,308,450,640,961,66.60,高進見,無
臺南市安南區公親里,-441,168,609,802,1112,72.12,王金樹,無
臺南市安南區公里,-438,131,569,728,1025,71.02,林宏男,無
臺南市安南區南興里,-71,240,311,658,927,70.98,施柏男,無
臺南市安南區原佃里,-124,336,460,815,1135,71.81,莊國隆,無
臺南市安南區四草里,-136,222,358,737,992,74.29,王秋萍,無
臺南市安南區國安里,607,959,352,921,1256,73.33,涂曉涵,民主進步黨
臺南市安南區城中里,-272,151,423,751,1022,73.48,郭美惠,無
臺南市安南區城北里,-57,240,297,595,844,70.50,郭昆財,無
臺南市安南區城南里,-51,434,485,559,807,69.27,蔡清龍,無
臺南市安南區城東里,-166,214,380,527,811,64.98,郭峻民,無
臺南市安南區城西里,-500,161,661,984,1397,70.44,嚴文正,無
臺南市安南區塩田里,-133,243,376,543,798,68.05,朱小蓮,無
臺南市安南區大安里,199,522,323,730,1034,70.60,陳瑞賀,民主進步黨
臺南市安南區媽祖宮里,-526,174,700,954,1405,67.90,林志英,無
臺南市安南區學東里,30,412,382,830,1282,64.74,黃ㄧ忠,無
臺南市安南區安和里,-28,289,317,823,1117,73.68,郭榮珍,無
臺南市安南區安富里,531,782,251,673,978,68.81,翁健倫,民主進步黨
臺南市安南區安慶里,673,1010,337,909,1201,75.69,王崑茂,無
臺南市安南區安東里,-190,429,619,1057,1451,72.85,吳金城,民主進步黨
臺南市安南區安西里,330,571,241,829,1111,74.62,劉昆河,無
臺南市安南區安順里,479,838,359,868,1224,70.92,鐘曉,無
臺南市安南區州北里,246,648,402,841,1186,70.91,康瀚仁,無
臺南市安南區州南里,424,791,367,968,1282,75.51,涂文財,民主進步黨
臺南市安南區布袋里,-303,271,574,1192,1660,71.81,陳明堂,無
臺南市安南區幸福里,100,511,411,816,1098,74.32,許金海,無
臺南市安南區新順里,668,1079,411,1115,1521,73.31,陳賈,無
臺南市安南區東和里,67,570,503,1148,1568,73.21,曾靖凱,無
臺南市安南區梅花里,259,606,347,722,1022,70.65,林思萍,無
臺南市安南區海佃里,93,526,433,970,1322,73.37,陳輝勝,無
臺南市安南區海南里,234,541,307,1026,1363,75.28,陳金魚,無
臺南市安南區海東里,191,808,617,858,1265,67.83,郭東勛,無
臺南市安南區海西里,116,371,255,1067,1443,73.94,吳威誠,無
臺南市安南區淵中里,-146,418,564,629,907,69.35,吳孟忠,無
臺南市安南區淵東里,398,752,354,870,1245,69.88,黃旺根,無
臺南市安南區淵西里,326,632,306,930,1378,67.49,王建盛,無
臺南市安南區溪北里,-225,349,574,963,1321,72.90,王東從,無
臺南市安南區溪墘里,-19,368,387,730,993,73.51,蕭旭峰,民主進步黨
臺南市安南區溪心里,953,1209,256,941,1415,66.50,劉澤民,無
臺南市安南區溪東里,334,729,395,918,1191,77.08,林清遙,無
臺南市安南區溪頂里,291,634,343,728,1032,70.54,施建安,無
臺南市安南區理想里,109,550,441,775,1095,70.78,鄭順,民主進步黨
臺南市安南區砂崙里,-220,173,393,413,574,71.95,陳泰豐,無
臺南市安南區總頭里,-103,234,337,653,904,72.23,蔡忠明,無
臺南市安南區長安里,431,715,284,1012,1400,72.29,謝天寅,無
臺南市安南區青草里,-536,162,698,948,1463,64.80,魏武雄,無
臺南市安南區頂安里,214,725,511,871,1169,74.51,吳勝智,無
臺南市安南區鳳凰里,88,559,471,1087,1538,70.68,施文瑞,無
臺南市安南區鹿耳里,-245,119,364,588,846,69.50,蕭琮憲,無
臺南市安南區南里,149,715,566,717,1011,70.92,林同寳,無
臺南市安定區中榮里,-93,297,390,611,827,73.88,翁炳煙,無
臺南市安定區中沙里,-302,92,394,540,690,78.26,王猷欽,無
臺南市安定區嘉同里,-172,266,438,811,1107,73.26,王文章,無
臺南市安定區安加里,-120,240,360,788,1056,74.62,王美翔,無
臺南市安定區安定里,-148,189,337,443,614,72.15,歐陽春彥,無
臺南市安定區文科里,-135,193,328,713,1003,71.09,蕭瑞興,無
臺南市安定區新吉里,-202,335,537,938,1280,73.28,方振漢,無
臺南市安定區海寮里,-367,307,674,838,1130,74.16,王昭彬,無
臺南市安定區港南里,-165,414,579,519,721,71.98,王成章,無
臺南市安定區港口里,169,404,235,794,1108,71.66,王國春,無
臺南市安定區港尾里,-233,177,410,527,707,74.54,鄭道隆,無
臺南市安定區蘇厝里,-38,305,343,789,1098,71.86,張慶財,無
臺南市安定區蘇林里,-34,291,325,928,1186,78.25,楊國華,無
臺南市安平區億載里,-238,478,716,1084,1531,70.80,鄭聰維,無
臺南市安平區國平里,990,1353,363,1075,1398,76.90,蔡明宏,無
臺南市安平區天妃里,-228,347,575,784,1071,73.20,周明財,無
臺南市安平區平安里,-332,368,700,875,1258,69.55,蔡陳阿麗,無
臺南市安平區平通里,695,1100,405,820,1229,66.72,李秀珀,民主進步黨
臺南市安平區建平里,368,794,426,871,1231,70.76,傅建峰,無
臺南市安平區怡平里,408,708,300,935,1354,69.05,蔡錦庭,無
臺南市安平區文平里,184,799,615,830,1120,74.11,李瑞福,民主進步黨
臺南市安平區漁光里,-197,43,240,288,402,71.64,林寧峰,無
臺南市安平區王城里,-289,271,560,924,1337,69.11,黃景星,民主進步黨
臺南市安平區育平里,926,1266,340,965,1382,69.83,王國信,無
臺南市安平區華平里,377,693,316,896,1168,76.71,張哲賓,無
臺南市安平區金城里,-186,274,460,578,855,67.60,歐明仁,無
臺南市官田區二鎮里,-92,429,521,744,1004,74.10,陳麒麟,無
臺南市官田區南廍里,-361,141,502,819,1206,67.91,李榮吉,無
臺南市官田區大崎里,-88,27,115,259,388,66.75,陳延海,無
臺南市官田區官田里,-149,273,422,773,1071,72.18,陳泰興,無
臺南市官田區東西庄里,-9,145,154,873,1168,74.74,陳振昆,無
臺南市官田區渡拔里,91,276,185,350,460,76.09,胡義全,無
臺南市官田區烏山頭里,-9,120,129,667,888,75.11,胡宏孟,無
臺南市官田區社子里,-246,71,317,559,792,70.58,陳啓章,無
臺南市官田區隆本里,-122,481,603,611,868,70.39,陳果生,無
臺南市官田區隆田里,-166,199,365,655,920,71.20,洪榮典,無
臺南市將軍區將軍里,-76,113,189,358,540,66.30,吳儒益,無
臺南市將軍區巷埔里,-194,74,268,389,579,67.18,吳武宗,無
臺南市將軍區平沙里,-389,87,476,674,1095,61.55,吳志凱,無
臺南市將軍區廣山里,-267,37,304,320,587,54.51,吳泰源,無
臺南市將軍區忠嘉里,111,263,152,453,658,68.84,何火生,民主進步黨
臺南市將軍區玉山里,-333,48,381,490,805,60.87,邱家和,無
臺南市將軍區苓仔寮里,0,198,198,355,547,64.90,黃信升,無
臺南市將軍區西甲里,-113,219,332,545,781,69.78,戴大川,無
臺南市將軍區長榮里,-182,139,321,777,1091,71.22,謝杉,無
臺南市將軍區長沙里,-186,73,259,407,640,63.59,陳瑜,無
臺南市將軍區鯤溟里,-298,65,363,557,954,58.39,周吉明,無
臺南市將軍區鯤鯓里,-261,133,394,477,759,62.85,王燕宗,無
臺南市山上區南洲里,-228,174,402,506,721,70.18,李振家,無
臺南市山上區山上里,-209,133,342,739,1056,69.98,郭文仁,無
臺南市山上區平陽里,-134,50,184,267,350,76.29,董振錫,無
臺南市山上區新莊里,-267,119,386,638,904,70.58,陳朝家,無
臺南市山上區明和里,-54,185,239,544,817,66.59,田財益,無
臺南市山上區玉峯里,-173,32,205,364,536,67.91,陳啓瑞,無
臺南市山上區豐德里,-98,42,140,256,372,68.82,李明良,無
臺南市左鎮區中正里,-206,48,254,422,667,63.27,尤世旭,無
臺南市左鎮區二寮里,-84,12,96,128,169,75.74,楊來枝,無
臺南市左鎮區光和里,-134,18,152,229,342,66.96,卓勝安,無
臺南市左鎮區內庄里,-107,13,120,221,332,66.57,謝龍泉,無
臺南市左鎮區岡林里,-161,21,182,244,377,64.72,羅周文,無
臺南市左鎮區左鎮里,-140,40,180,293,429,68.30,林谷芳,無
臺南市左鎮區榮和里,-148,45,193,411,594,69.19,胡添丁,無
臺南市左鎮區澄山里,-183,27,210,291,446,65.25,穆宏男,無
臺南市左鎮區睦光里,-109,28,137,222,320,69.38,黃永發,無
臺南市左鎮區草山里,-105,10,115,159,264,60.23,車福耀,無
臺南市後壁區上茄苳里,-257,199,456,705,1010,69.80,黃崑茂,無
臺南市後壁區侯伯里,-92,121,213,463,705,65.67,廖俊斌,無
臺南市後壁區嘉苳里,53,151,98,674,986,68.36,蔡德聖,無
臺南市後壁區土溝里,-271,139,410,297,425,69.88,林木己,無
臺南市後壁區後壁里,-253,182,435,483,687,70.31,陳志成,無
臺南市後壁區新嘉里,-102,88,190,337,491,68.64,李崑木,無
臺南市後壁區新東里,-237,203,440,403,619,65.11,徐育新,無
臺南市後壁區福安里,-379,192,571,381,577,66.03,林明智,無
臺南市後壁區竹新里,-57,132,189,622,857,72.58,張丁元,無
臺南市後壁區菁寮里,17,122,105,239,336,71.13,殷献政,無
臺南市後壁區菁豐里,-82,118,200,521,736,70.79,楊玉年,無
臺南市後壁區長安里,-83,130,213,433,613,70.64,黃秀梅,無
臺南市後壁區長短樹里,-10,180,190,616,907,67.92,黃麗盆,無
臺南市後壁區頂安里,-408,129,537,847,1222,69.31,林丁和,無
臺南市新化區全興里,-306,401,707,968,1317,73.50,林慶隆,無
臺南市新化區北勢里,-472,205,677,1048,1449,72.33,鄭國正,無
臺南市新化區協興里,53,372,319,697,957,72.83,孫麒傑,無
臺南市新化區唪口里,-241,282,523,833,1110,75.05,蔡福成,無
臺南市新化區大坑里,-140,41,181,306,401,76.31,黃永源,無
臺南市新化區太平里,224,653,429,965,1288,74.92,李朝勝,無
臺南市新化區山脚里,15,331,316,907,1280,70.86,林和村,無
臺南市新化區崙頂里,-265,290,555,757,979,77.32,林水鮫,無
臺南市新化區東榮里,253,517,264,794,1154,68.80,劉桂雄,無
臺南市新化區武安里,220,413,193,768,1012,75.89,林揚順,無
臺南市新化區知義里,-214,217,431,861,1112,77.43,張嘉榮,無
臺南市新化區礁坑里,-315,57,372,613,876,69.98,楊秀妙,無
臺南市新化區羊林里,-432,104,536,637,876,72.72,黃啟展,無
臺南市新化區護國里,-71,296,367,644,869,74.11,張國能,無
臺南市新化區豐榮里,106,472,366,916,1211,75.64,蔡素眞,無
臺南市新化區𦰡拔里,-218,270,488,739,991,74.57,李瑞雄,無
臺南市新市區三舍里,39,229,190,661,908,72.80,林華郎,無
臺南市新市區大洲里,-157,126,283,525,710,73.94,張雅倫,無
臺南市新市區大營里,178,563,385,880,1173,75.02,朱文奎,無
臺南市新市區大社里,318,645,327,825,1136,72.62,李清發,無
臺南市新市區新和里,767,1098,331,886,1196,74.08,李富文,無
臺南市新市區新市里,15,400,385,642,933,68.81,鄭明堂,無
臺南市新市區永就里,-31,469,500,514,675,76.15,李昭慶,無
臺南市新市區港墘里,174,513,339,635,874,72.65,翁龍慶,無
臺南市新市區潭頂里,-187,242,429,605,834,72.54,李淑帆,無
臺南市新市區社內里,259,528,269,706,940,75.11,魏千富,無
臺南市新市區豐華里,-209,106,315,609,838,72.67,謝成,無
臺南市新營區三仙里,-128,324,452,906,1294,70.02,蕭水樹,無
臺南市新營區中營里,-350,167,517,773,1070,72.24,蔡牧謙,無
臺南市新營區五興里,-316,151,467,410,606,67.66,郭茂松,無
臺南市新營區南紙里,140,555,415,788,1143,68.94,王信雄,無
臺南市新營區南興里,-55,253,308,734,1105,66.43,林玫伶,無
臺南市新營區嘉芳里,-14,267,281,680,1017,66.86,吳正宇,無
臺南市新營區土庫里,-531,166,697,958,1369,69.98,林旭清,無
臺南市新營區埤寮里,-24,203,227,606,892,67.94,余碧慧,無
臺南市新營區大宏里,-7,340,347,709,980,72.35,蔡崇名,中國國民黨
臺南市新營區太北里,-47,239,286,699,948,73.73,洪進忠,無
臺南市新營區太南里,85,197,112,925,1422,65.05,何武祥,無
臺南市新營區姑爺里,-97,80,177,327,468,69.87,王月順,無
臺南市新營區忠政里,-32,552,584,813,1260,64.52,程崑藤,中國國民黨
臺南市新營區新北里,252,811,559,886,1248,70.99,陳登山,無
臺南市新營區新南里,387,929,542,1015,1363,74.47,沈崑寶,無
臺南市新營區新東里,780,1151,371,881,1203,73.23,翁媺麗,無
臺南市新營區民榮里,224,624,400,838,1228,68.24,黃新義,民主進步黨
臺南市新營區民權里,-62,263,325,776,1111,69.85,王獻德,無
臺南市新營區民生里,-24,413,437,631,945,66.77,陳慶祥,無
臺南市新營區永平里,6,271,265,587,820,71.59,陳國安,無
臺南市新營區王公里,163,547,384,861,1233,69.83,沈崑田,無
臺南市新營區興業里,-239,228,467,556,811,68.56,蔡利發,無
臺南市新營區護鎮里,-290,174,464,934,1310,71.30,陳添龍,無
臺南市東區中西里,102,413,311,667,927,71.95,郭信成,無
臺南市東區仁和里,267,717,450,888,1243,71.44,潘裕良,無
臺南市東區南聖里,-1,405,406,848,1112,76.26,周翊庭,無
臺南市東區和平里,341,756,415,927,1244,74.52,洪榮俊,無
臺南市東區圍下里,-263,197,460,507,706,71.81,石桂霖,無
臺南市東區大同里,123,341,218,966,1383,69.85,侯雲靚,無
臺南市東區大學里,-338,125,463,725,976,74.28,黄荀武,中國國民黨
臺南市東區大德里,-380,154,534,1023,1408,72.66,黃玉女,無
臺南市東區大智里,542,938,396,887,1266,70.06,黃日新,無
臺南市東區大福里,-565,165,730,1087,1514,71.80,陳錦秀,民主進步黨
臺南市東區富強里,183,651,468,1048,1393,75.23,侯信崇,無
臺南市東區富裕里,-151,285,436,769,1044,73.66,董進龍,無
臺南市東區小東里,236,567,331,738,1024,72.07,余天翔,無
臺南市東區崇信里,36,500,464,980,2020,48.51,葉輝宏,無
臺南市東區崇善里,450,737,287,1093,1402,77.96,陳建銘,民主進步黨
臺南市東區崇學里,-35,361,396,662,898,73.72,陳長提,中國國民黨
臺南市東區崇德里,265,695,430,868,1126,77.09,陳福來,中國國民黨
臺南市東區崇成里,57,417,360,663,907,73.10,陳文進,中國國民黨
臺南市東區崇文里,540,892,352,827,1086,76.15,陳冠瑒,中國國民黨
臺南市東區崇明里,133,534,401,986,1295,76.14,張家詒,中國國民黨
臺南市東區崇誨里,30,307,277,776,1087,71.39,趙洪芝,中國國民黨
臺南市東區後甲里,90,371,281,633,888,71.28,陳振宗,無
臺南市東區復興里,41,422,381,840,1171,71.73,陳郭玉指,民主進步黨
臺南市東區德光里,-46,515,561,880,1167,75.41,曾國全,中國國民黨
臺南市東區德高里,203,493,290,908,1241,73.17,蘇秀敏,無
臺南市東區忠孝里,305,565,260,711,952,74.68,吳清安,無
臺南市東區成大里,-53,215,268,659,928,71.01,張歸樵,無
臺南市東區文聖里,320,676,356,796,1053,75.59,鄭林勝時,無
臺南市東區新東里,-9,286,295,779,1044,74.62,江艷嬪,中國國民黨
臺南市東區東光里,301,651,350,975,1295,75.29,劉金幸,無
臺南市東區東安里,-478,136,614,855,1275,67.06,吳參賢,中國國民黨
臺南市東區東明里,19,369,350,638,859,74.27,郭秀琴,無
臺南市東區東智里,-133,446,579,924,1244,74.28,陳素芳,中國國民黨
臺南市東區東聖里,-117,286,403,796,1067,74.60,黃英慈,無
臺南市東區東門里,-144,193,337,545,783,69.60,劉家銘,無
臺南市東區泉南里,83,560,477,680,936,72.65,洪孟甫,中國國民黨
臺南市東區自強里,383,771,388,984,1326,74.21,魏伊鈴,無
臺南市東區莊敬里,176,518,342,940,1243,75.62,林志勲,無
臺南市東區虎尾里,176,757,581,985,1321,74.56,李泓嶢,無
臺南市東區衛國里,-193,183,376,1048,1454,72.08,陳積慶,無
臺南市東區裕聖里,456,907,451,951,1216,78.21,黃姿雅,無
臺南市東區裕農里,-199,393,592,1079,1456,74.11,陳良濱,中國國民黨
臺南市東區路東里,-526,218,744,1124,1534,73.27,楊華珍,無
臺南市東區關聖里,354,741,387,813,1115,72.91,周楹婍,無
臺南市東區龍山里,23,622,599,701,953,73.56,許福銘,無
臺南市東山區三榮里,-310,88,398,527,892,59.08,白進德,無
臺南市東山區南勢里,-351,69,420,594,1016,58.46,何致周,民主進步黨
臺南市東山區南溪里,-151,26,177,225,402,55.97,洪志忠,無
臺南市東山區大客里,-338,94,432,587,1002,58.58,楊蒼文,無
臺南市東山區嶺南里,-205,41,246,352,608,57.89,陳慶銘,無
臺南市東山區東中里,-229,268,497,733,1084,67.62,蘇木武,無
臺南市東山區東原里,-213,138,351,680,1119,60.77,葉孟亮,無
臺南市東山區東山里,-453,163,616,865,1380,62.68,卓睿杰,無
臺南市東山區東正里,-165,121,286,450,689,65.31,蘇明田,無
臺南市東山區東河里,-189,81,270,517,778,66.45,吳火生,無
臺南市東山區林安里,-176,21,197,219,365,60.00,楊琇雯,無
臺南市東山區水雲里,-95,30,125,213,366,58.20,劉庭興,無
臺南市東山區科里里,-174,93,267,342,588,58.16,王元正,無
臺南市東山區聖賢里,-32,171,203,476,722,65.93,林俊儀,無
臺南市東山區青山里,-331,83,414,576,1002,57.49,沈淑惠,無
臺南市東山區高原里,-342,63,405,498,850,58.59,羅献龍,無
臺南市柳營區中埕里,-227,179,406,813,1159,70.15,王玉葉,無
臺南市柳營區人和里,-52,85,137,267,369,72.36,施明朝,無
臺南市柳營區光福里,-74,199,273,485,681,71.22,黃啟峰,無
臺南市柳營區八翁里,-403,188,591,940,1343,69.99,林靜芳,無
臺南市柳營區士林里,48,250,202,798,1153,69.21,蔡金生,無
臺南市柳營區大農里,-159,74,233,450,630,71.43,吳峰欽,無
臺南市柳營區太康里,-156,165,321,480,676,71.01,楊景棠,無
臺南市柳營區旭山里,97,170,73,483,806,59.93,張文獻,無
臺南市柳營區東昇里,26,386,360,666,937,71.08,楊清風,無
臺南市柳營區果毅里,69,145,76,670,981,68.30,張順士,無
臺南市柳營區神農里,38,138,100,712,1078,66.05,蔡明燈,無
臺南市柳營區篤農里,-142,132,274,428,633,67.61,陳献堂,無
臺南市柳營區重溪里,68,219,151,444,655,67.79,蔡明宏,無
臺南市楠西區密枝里,-242,49,291,401,640,62.66,林明杉,無
臺南市楠西區東勢里,-363,203,566,749,1133,66.11,張事民,無
臺南市楠西區楠西里,-256,178,434,582,906,64.24,劉富誠,無
臺南市楠西區灣丘里,-430,64,494,668,1055,63.32,龎順吉,無
臺南市楠西區照興里,-470,89,559,615,915,67.21,江森原,無
臺南市楠西區鹿田里,-268,65,333,620,852,72.77,黃漢威,無
臺南市楠西區龜丹里,-211,46,257,419,599,69.95,林茂松,無
臺南市歸仁區七甲里,119,509,390,527,720,73.19,郭世文,無
臺南市歸仁區八甲里,-129,370,499,638,832,76.68,黃國勛,無
臺南市歸仁區六甲里,245,541,296,673,965,69.74,林坤略,無
臺南市歸仁區南保里,615,836,221,901,1185,76.03,劉源祥,無
臺南市歸仁區南興里,110,630,520,1025,1351,75.87,朱璟漢,無
臺南市歸仁區大廟里,148,488,340,786,1035,75.94,陳淩澤,無
臺南市歸仁區大潭里,-33,261,294,733,990,74.04,林俊成,無
臺南市歸仁區媽廟里,-311,215,526,667,897,74.36,張宏志,無
臺南市歸仁區崙頂里,-58,461,519,826,1054,78.37,徐進德,無
臺南市歸仁區後市里,-71,456,527,766,1014,75.54,張文義,無
臺南市歸仁區文化里,111,399,288,704,930,75.70,陳富榮,無
臺南市歸仁區新厝里,123,351,228,597,824,72.45,林文斌,無
臺南市歸仁區武東里,-83,237,320,847,1121,75.56,劉延欽,無
臺南市歸仁區歸仁里,4,294,290,921,1218,75.62,王振翰,無
臺南市歸仁區歸南里,-228,295,523,834,1105,75.48,吳忠霖,無
臺南市歸仁區沙崙里,-264,103,367,603,821,73.45,李明山,無
臺南市歸仁區看東里,-141,252,393,779,1006,77.44,王正慎,無
臺南市歸仁區看西里,-205,303,508,828,1095,75.62,楊專成,無
臺南市歸仁區西埔里,-126,232,358,722,916,78.82,鄭福利,無
臺南市歸仁區許厝里,24,511,487,841,1121,75.02,陳素鸞,無
臺南市歸仁區辜厝里,-91,452,543,764,1018,75.05,陳朝騫,無
臺南市永康區三合里,223,510,287,764,1094,69.84,黄雅珊,無
臺南市永康區三民里,-71,192,263,702,922,76.14,陳和志,無
臺南市永康區中興里,-47,446,493,755,1043,72.39,楊家銘,中國國民黨
臺南市永康區中華里,-35,403,438,1110,1382,80.32,林再益,無
臺南市永康區二王里,824,1225,401,849,1195,71.05,謝文奇,無
臺南市永康區五王里,541,771,230,949,1334,71.14,陳志宏,民主進步黨
臺南市永康區光復里,-190,126,316,514,754,68.17,蔡金山,無
臺南市永康區六合里,338,833,495,930,1283,72.49,李信輝,民主進步黨
臺南市永康區勝利里,830,1165,335,1055,1447,72.91,楊遠波,無
臺南市永康區北灣里,341,602,261,1078,1496,72.06,方富詳,無
臺南市永康區北興里,227,840,613,942,1264,74.53,鄭文生,無
臺南市永康區南灣里,-24,509,533,960,1319,72.78,詹瑞美,無
臺南市永康區埔園里,602,1193,591,747,1004,74.40,柯景維,民主進步黨
臺南市永康區塩洲里,329,849,520,832,1149,72.41,毛三宝,無
臺南市永康區塩興里,278,781,503,782,1100,71.09,鄭進在,無
臺南市永康區塩行里,352,685,333,946,1295,73.05,劉天福,民主進步黨
臺南市永康區大橋里,495,795,300,821,1081,75.95,梁峯楠,無
臺南市永康區大灣里,-151,481,632,791,1093,72.37,鄭文義,無
臺南市永康區安康里,393,692,299,747,1096,68.16,王君哲,無
臺南市永康區尚頂里,172,537,365,852,1106,77.03,周三貴,無
臺南市永康區崑山里,446,790,344,725,1036,69.98,李忠信,無
臺南市永康區建國里,-42,300,342,588,819,71.79,鍾國寶,中國國民黨
臺南市永康區復國里,986,1316,330,958,1218,78.65,李步雲,中國國民黨
臺南市永康區復興里,-151,190,341,576,932,61.80,吳秋明,中國國民黨
臺南市永康區復華里,1000,1433,433,1109,1591,69.70,王松俊,無
臺南市永康區成功里,-122,275,397,753,1022,73.68,曾文俊,無
臺南市永康區新樹里,-317,287,604,712,1005,70.85,陳日祥,無
臺南市永康區東橋里,949,1458,509,1163,1662,69.98,王怡舜,無
臺南市永康區東灣里,-15,421,436,800,1110,72.07,李明堂,無
臺南市永康區正強里,569,1051,482,905,1222,74.06,遊國生,無
臺南市永康區永康里,668,1188,520,987,1342,73.55,魏萬順,無
臺南市永康區永明里,-21,758,779,1103,1533,71.95,吳深濤,無
臺南市永康區烏竹里,18,462,444,1025,1393,73.58,鄭美妙,無
臺南市永康區王行里,-268,328,596,911,1223,74.49,陳丁為,無
臺南市永康區甲頂里,-334,308,642,620,836,74.16,吳和祥,民主進步黨
臺南市永康區神洲里,-394,202,596,818,1199,68.22,歐煌崇,無
臺南市永康區網寮里,695,1101,406,1021,1391,73.40,林高田,無
臺南市永康區蔦松里,-89,300,389,695,968,71.80,許金龍,無
臺南市永康區西勢里,491,904,413,945,1276,74.06,郭芳默,無
臺南市永康區西橋里,108,422,314,635,902,70.40,黃明同,無
臺南市永康區西灣里,691,1124,433,846,1152,73.44,李元慶,無
臺南市永康區龍埔里,242,819,577,869,1183,73.46,沈育濃,無
臺南市永康區龍潭里,631,911,280,868,1167,74.38,李俊銘,無
臺南市玉井區三和里,-335,53,388,474,670,70.75,李寶雄,無
臺南市玉井區三埔里,-182,52,234,295,469,62.90,陳金敏,無
臺南市玉井區中正里,-173,108,281,387,557,69.48,王清風,無
臺南市玉井區層林里,-207,44,251,369,550,67.09,嚴福春,無
臺南市玉井區望明里,-234,143,377,460,666,69.07,李麗華,無
臺南市玉井區沙田里,-140,48,188,333,477,69.81,王美華,無
臺南市玉井區玉井里,-511,131,642,760,1136,66.90,葉俊甫,無
臺南市玉井區玉田里,101,450,349,635,928,68.43,楊秀慧,無
臺南市玉井區竹圍里,-104,139,243,597,877,68.07,劉木圍,無
臺南市玉井區豐里里,-315,64,379,588,900,65.33,羅銘輝,無
臺南市白河區仙草里,-190,75,265,227,390,58.21,詹宗梧,無
臺南市白河區內角里,-195,51,246,408,610,66.89,魏榮俊,無
臺南市白河區六溪里,-153,28,181,273,463,58.96,鐘德銘,無
臺南市白河區外角里,-425,151,576,321,486,66.05,盛偉崇,無
臺南市白河區大林里,-222,47,269,337,536,62.87,吳豐君,無
臺南市白河區大竹里,-179,130,309,436,658,66.26,陳國禎,無
臺南市白河區崁頭里,-129,27,156,200,339,59.00,陳惠君,無
臺南市白河區崎內里,-200,53,253,423,669,63.23,林志鴻,無
臺南市白河區庄內里,-95,178,273,433,657,65.91,張國南,無
臺南市白河區廣蓮里,-284,135,419,376,585,64.27,賴俊霖,無
臺南市白河區昇安里,-540,160,700,616,878,70.16,張春美,無
臺南市白河區永安里,-144,336,480,551,797,69.13,葉辛芳,無
臺南市白河區汴頭里,-181,43,224,420,667,62.97,李進財,無
臺南市白河區河東里,-40,120,160,522,757,68.96,劉朝仁,無
臺南市白河區白河里,-58,172,230,650,941,69.08,沈美菊,無
臺南市白河區秀祐里,-306,110,416,604,865,69.83,胡峰誠,無
臺南市白河區竹門里,-131,107,238,549,808,67.95,陳新店,無
臺南市白河區虎山里,-127,43,170,289,415,69.64,吳昕璨,民主進步黨
臺南市白河區詔豐里,-139,168,307,495,752,65.82,詹海寶,無
臺南市白河區關嶺里,-47,65,112,375,591,63.45,楊和男,無
臺南市白河區馬稠後里,-14,96,110,498,760,65.53,鄭坤鐘,無
臺南市西港區劉厝里,-379,175,554,1072,1461,73.37,劉盈發,無
臺南市西港區南海里,-18,330,348,670,928,72.20,黃光暉,無
臺南市西港區後營里,-368,160,528,987,1462,67.51,方隆民,無
臺南市西港區慶安里,-126,527,653,945,1351,69.95,吳明欽,無
臺南市西港區新復里,-311,103,414,589,802,73.44,黃國文,無
臺南市西港區永樂里,-61,158,219,648,936,69.23,郭吉山,無
臺南市西港區港東里,-16,198,214,878,1218,72.09,方郭秀雲,無
臺南市西港區營西里,-497,178,675,1003,1439,69.70,方世雄,無
臺南市西港區竹林里,-627,125,752,956,1333,71.72,郭慶郎,無
臺南市西港區西港里,-176,387,563,702,904,77.65,徐國安,無
臺南市西港區金砂里,-307,73,380,550,742,74.12,黃金清,無
臺南市西港區檨林里,-203,170,373,535,733,72.99,謝文賢,無
臺南市關廟區下湖里,-141,43,184,339,433,78.29,董錦松,無
臺南市關廟區五甲里,63,398,335,835,1133,73.70,盧振良,民主進步黨
臺南市關廟區北勢里,-358,301,659,908,1263,71.89,郭水道,無
臺南市關廟區埤頭里,-290,242,532,623,857,72.70,許文進,無
臺南市關廟區山西里,-334,251,585,681,923,73.78,楊啓賢,無
臺南市關廟區布袋里,-74,105,179,565,800,70.63,陳龍目,無
臺南市關廟區新光里,-317,49,366,439,644,68.17,黃瑞池,無
臺南市關廟區新埔里,-270,150,420,724,1019,71.05,張敬仁,無
臺南市關廟區東勢里,-124,395,519,769,1048,73.38,方耀南,無
臺南市關廟區松腳里,-102,249,351,686,946,72.52,李文良,無
臺南市關廟區深坑里,-39,149,188,559,734,76.16,李美女,無
臺南市關廟區花園里,-121,400,521,534,732,72.95,郭文郁,無
臺南市關廟區關廟里,-429,322,751,679,925,73.41,楊宗輝,無
臺南市關廟區香洋里,-40,386,426,684,916,74.67,盧建平,無
臺南市關廟區龜洞里,-114,151,265,546,743,73.49,洪世東,無
臺南市鹽水區三和里,-33,78,111,150,212,70.75,王坤泉,無
臺南市鹽水區三明里,17,145,128,545,757,71.99,吳明憲,無
臺南市鹽水區坔頭港里,-22,153,175,439,641,68.49,莊福順,無
臺南市鹽水區岸內里,172,503,331,981,1468,66.83,陳盈利,無
臺南市鹽水區文昌里,-3,82,85,381,572,66.61,歐應德,無
臺南市鹽水區月港里,-57,155,212,523,738,70.87,白春桐,無
臺南市鹽水區橋南里,76,437,361,688,1038,66.28,陳榮斌,無
臺南市鹽水區歡雅里,-163,170,333,577,870,66.32,趙榮其,無
臺南市鹽水區水秀里,-28,173,201,739,1075,68.74,顏秀盆,無
臺南市鹽水區汫水里,-297,76,373,555,857,64.76,顏瑞欽,無
臺南市鹽水區津城里,-25,143,168,456,625,72.96,柯永茂,無
臺南市鹽水區竹林里,-40,88,128,488,684,71.35,佘美卿,無
臺南市鹽水區義中里,-133,167,300,541,828,65.34,陳續賢,無
臺南市麻豆區中興里,-213,222,435,675,962,70.17,吳振和,無
臺南市麻豆區井東里,-78,194,272,822,1080,76.11,王進文,無
臺南市麻豆區北勢里,-184,92,276,733,1032,71.03,蔡明全,無
臺南市麻豆區南勢里,92,313,221,524,696,75.29,陳天誠,無
臺南市麻豆區埤頭里,-219,269,488,888,1298,68.41,李開通,無
臺南市麻豆區大埕里,6,382,376,599,798,75.06,陳焜儔,民主進步黨
臺南市麻豆區安業里,-231,147,378,405,525,77.14,李士博,無
臺南市麻豆區安正里,-375,103,478,644,923,69.77,李勝忠,無
臺南市麻豆區寮廍里,-133,186,319,630,851,74.03,陳發強,無
臺南市麻豆區巷口里,-171,287,458,618,858,72.03,莊信哲,無
臺南市麻豆區新興里,52,276,224,902,1207,74.73,葉侑,無
臺南市麻豆區晋江里,-172,285,457,523,703,74.40,榮志強,無
臺南市麻豆區東角里,-17,358,375,659,907,72.66,林釗洧,無
臺南市麻豆區油車里,-98,407,505,825,1063,77.61,施福春,無
臺南市麻豆區海埔里,81,243,162,669,935,71.55,陳王華,無
臺南市麻豆區清水里,-157,193,350,487,657,74.12,李勝平,無
臺南市麻豆區港尾里,-458,180,638,932,1326,70.29,蔡淑綢,無
臺南市麻豆區興農里,-100,186,286,600,755,79.47,孫施秀蘭,無
臺南市麻豆區謝厝寮里,-167,185,352,649,825,78.67,江茂晟,民主進步黨
臺南市麻豆區麻口里,-419,150,569,839,1123,74.71,鍾慧琴,無
臺南市龍崎區中坑里,-54,10,64,95,137,69.34,陳茂全,無
臺南市龍崎區土崎里,-284,44,328,395,574,68.82,林宏忠,無
臺南市龍崎區大坪里,-157,17,174,186,259,71.81,余文生,無
臺南市龍崎區崎頂里,-353,84,437,645,930,69.35,黃嘉慶,無
臺南市龍崎區楠坑里,-191,27,218,278,370,75.14,洪坤木,無
臺南市龍崎區牛埔里,-105,18,123,204,265,76.98,陳正印,無
臺南市龍崎區石𥕢里,-187,37,224,276,403,68.49,余瑞凱,無
臺南市龍崎區龍船里,-135,30,165,297,388,76.55,林萬億,無
