村里,2024-2022,2024民眾黨,2022村里長得票,2024投票數,2024選舉人數,2024投票率,里長姓名,里長政黨
臺北市中山區下埤里,-1055,988,2043,4740,6287,0.8,施士凱,中國國民黨
臺北市中山區中原里,-1900,578,2478,3109,4186,0.7,羅崇華,無
臺北市中山區中吉里,-700,795,1495,3418,4595,0.7,林德勝,民主進步黨
臺北市中山區中央里,-560,518,1078,2273,3015,0.8,李陳金綉,中國國民黨
臺北市中山區中山里,-1267,942,2209,4212,6010,0.7,曾瓊梅,無
臺北市中山區中庄里,-710,672,1382,3110,4266,0.7,陳建中,民主進步黨
臺北市中山區劍潭里,-340,419,759,2225,3007,0.7,黃開芳,無
臺北市中山區力行里,-998,692,1690,3744,5213,0.7,沈銀德,無
臺北市中山區北安里,-399,291,690,1563,2069,0.8,陳小康,無
臺北市中山區圓山里,-1159,536,1695,2515,3492,0.7,葉建輝,中國國民黨
臺北市中山區埤頭里,-517,386,903,1999,2782,0.7,黃基淋,中國國民黨
臺北市中山區大佳里,-394,105,499,539,737,0.7,莊欽億,民主進步黨
臺北市中山區大直里,-1459,1066,2525,5324,7031,0.8,曹邦全,無
臺北市中山區康樂里,-902,313,1215,1626,2294,0.7,王金富,無
臺北市中山區復華里,-315,556,871,2821,3839,0.7,黃展輝,中國國民黨
臺北市中山區恆安里,-1190,692,1882,3111,4340,0.7,黃志昌,無
臺北市中山區成功里,-2048,723,2771,3797,5142,0.7,李清水,中國國民黨
臺北市中山區新喜里,-1360,730,2090,3087,4200,0.7,吳昇陽,民主進步黨
臺北市中山區新庄里,-1128,634,1762,3027,4091,0.7,鄧麗珠,無
臺北市中山區新生里,-1026,596,1622,2931,3874,0.8,曾國益,中國國民黨
臺北市中山區新福里,-1522,659,2181,3118,4179,0.7,童勝輝,無
臺北市中山區晴光里,-1094,685,1779,3292,4710,0.7,林姿吟,無
臺北市中山區朱園里,-1007,542,1549,2773,3772,0.7,李林耀,無
臺北市中山區朱崙里,-957,417,1374,1912,2521,0.8,高銘鴻,中國國民黨
臺北市中山區朱馥里,-861,721,1582,3407,4722,0.7,卓志勇,中國國民黨
臺北市中山區松江里,-1038,851,1889,3914,5160,0.8,蔣築諠,中國國民黨
臺北市中山區正守里,-497,445,942,2061,2781,0.7,陳育群,無
臺北市中山區正得里,-459,475,934,2245,3205,0.7,吳美瑩,無
臺北市中山區正義里,-1086,641,1727,3115,4508,0.7,李志勇,中國國民黨
臺北市中山區民安里,-636,565,1201,2730,3716,0.7,王俊堯,無
臺北市中山區永安里,-982,1160,2142,5653,7500,0.8,唐楷瀚,無
臺北市中山區江寧里,-2436,854,3290,4276,5668,0.8,徐信洲,無
臺北市中山區江山里,-1388,873,2261,4657,6184,0.8,劉陽劍,中國國民黨
臺北市中山區聚盛里,-1223,488,1711,2381,3566,0.7,舒贑臺,中國國民黨
臺北市中山區聚葉里,-822,495,1317,2403,3390,0.7,游啟業,無
臺北市中山區興亞里,-1725,702,2427,3376,4613,0.7,林芳薇,中國國民黨
臺北市中山區行仁里,-1523,978,2501,4880,6491,0.8,陳德賢,無
臺北市中山區行孝里,-474,622,1096,2743,3722,0.7,呂勗淇,民主進步黨
臺北市中山區行政里,-1124,817,1941,3798,6328,0.6,鄭春華,中國國民黨
臺北市中山區金泰里,-1632,1127,2759,4713,6372,0.7,游進義,無
臺北市中山區集英里,-1498,965,2463,4183,5762,0.7,賴政庸,民主進步黨
臺北市中山區龍洲里,-990,634,1624,3191,4184,0.8,陳世明,中國國民黨
臺北市中正區三愛里,-1391,1114,2505,5041,6845,0.7,陳仁志,無
臺北市中正區光復里,-1048,512,1560,2208,3053,0.7,王麗美,無
臺北市中正區南福里,-998,1643,2641,6721,8772,0.8,許益明,中國國民黨
臺北市中正區南門里,-358,339,697,1561,2097,0.7,郭有賢,中國國民黨
臺北市中正區富水里,-601,365,966,1394,1955,0.7,陳麗真,中國國民黨
臺北市中正區幸市里,-1356,491,1847,2677,3643,0.7,林禎吉,中國國民黨
臺北市中正區幸福里,-434,665,1099,2965,4842,0.6,蘇宏仁,中國國民黨
臺北市中正區廈安里,-1274,627,1901,2516,3352,0.8,涂光宇,中國國民黨
臺北市中正區建國里,-437,236,673,947,1217,0.8,許瀞尹,無
臺北市中正區忠勤里,-634,796,1430,3730,5246,0.7,方荷生,中國國民黨
臺北市中正區愛國里,-598,449,1047,1914,2508,0.8,周德潤,無
臺北市中正區文北里,-1075,681,1756,3291,4494,0.7,陳余秀卿,中國國民黨
臺北市中正區文盛里,-467,314,781,1623,2183,0.7,温紹宏,中國國民黨
臺北市中正區文祥里,-1569,1065,2634,4613,6098,0.8,李淑珍,中國國民黨
臺北市中正區新營里,-1119,1220,2339,4904,6493,0.8,莊柏辰,無
臺北市中正區東門里,-477,482,959,2230,2958,0.8,牟桂富,無
臺北市中正區板溪里,-561,481,1042,2204,2881,0.8,黃國輝,中國國民黨
臺北市中正區林興里,-1325,668,1993,2939,3955,0.7,吳寶燕,中國國民黨
臺北市中正區梅花里,-206,371,577,1925,2614,0.7,吳崑山,中國國民黨
臺北市中正區水源里,-1036,357,1393,1777,2462,0.7,林全義,中國國民黨
臺北市中正區永功里,-1864,825,2689,3758,5040,0.7,陳宏明,中國國民黨
臺北市中正區永昌里,-955,583,1538,2893,3901,0.7,陳玟如,中國國民黨
臺北市中正區河堤里,-954,559,1513,2762,3714,0.7,鄒士根,中國國民黨
臺北市中正區網溪里,-905,734,1639,3545,4734,0.7,夏萬浪,無
臺北市中正區螢圃里,-1499,775,2274,3526,4665,0.8,陳木松,中國國民黨
臺北市中正區螢雪里,-694,610,1304,2622,3471,0.8,陳文質,中國國民黨
臺北市中正區頂東里,-1867,810,2677,3812,5002,0.8,王曜樹,中國國民黨
臺北市中正區黎明里,-392,412,804,1790,2575,0.7,鄭燕宗,中國國民黨
臺北市中正區龍光里,-485,399,884,1855,2471,0.8,陳萬龍,中國國民黨
臺北市中正區龍福里,-602,712,1314,2957,3989,0.7,鄭珍珍,無
臺北市中正區龍興里,-433,491,924,2018,2697,0.7,陳月容,無
臺北市信義區三張里,-1370,1089,2459,5361,7155,0.7,李伯壽,中國國民黨
臺北市信義區三犁里,-1572,624,2196,3168,4357,0.7,翁信利,無
臺北市信義區中坡里,-1323,567,1890,2760,3599,0.8,曾傳達,中國國民黨
臺北市信義區中興里,-624,423,1047,1997,2829,0.7,趙惠美,中國國民黨
臺北市信義區中行里,-1406,1007,2413,4772,6408,0.7,林美君,無
臺北市信義區五全里,-1365,664,2029,3079,4022,0.8,吳秀好,民主進步黨
臺北市信義區五常里,-353,490,843,2315,3050,0.8,游育靖,無
臺北市信義區六合里,-1582,809,2391,4086,5653,0.7,陳盈如,無
臺北市信義區六藝里,-1114,476,1590,2263,2995,0.8,丁禾溱,中國國民黨
臺北市信義區嘉興里,-779,396,1175,1931,2615,0.7,鄭智耀,無
臺北市信義區四維里,-1682,646,2328,3195,4261,0.7,劉耀平,中國國民黨
臺北市信義區四育里,-868,674,1542,3487,4526,0.8,連圀堂,中國國民黨
臺北市信義區國業里,-1805,956,2761,4392,5894,0.7,林銘賢,無
臺北市信義區大仁里,-841,936,1777,3834,6097,0.6,蔡桂清,無
臺北市信義區大道里,-1365,771,2136,3736,4991,0.7,毛水月,無
臺北市信義區安康里,-1234,1266,2500,6163,8323,0.7,萬宇恆,中國國民黨
臺北市信義區富台里,-719,583,1302,2848,3851,0.7,羅至佑,無
臺北市信義區廣居里,-2373,965,3338,4557,6010,0.8,楊玉堂,中國國民黨
臺北市信義區惠安里,-1094,858,1952,3921,5279,0.7,周葉長,中國國民黨
臺北市信義區敦厚里,-1666,662,2328,3054,4148,0.7,方聰杰,中國國民黨
臺北市信義區新仁里,-759,364,1123,1938,2638,0.7,吳建德,無
臺北市信義區景勤里,-1157,451,1608,2353,3217,0.7,王雷凱,中國國民黨
臺北市信義區景新里,-824,594,1418,3123,4188,0.7,孫積德,無
臺北市信義區景聯里,-1343,584,1927,2796,3738,0.7,洪福周,中國國民黨
臺北市信義區松光里,-892,570,1462,3000,4073,0.7,蔡福來,無
臺北市信義區松友里,-1432,843,2275,3998,5335,0.7,張海秋,無
臺北市信義區松隆里,-689,268,957,1297,1810,0.7,黃俊龍,中國國民黨
臺北市信義區正和里,-701,549,1250,2681,3613,0.7,董玲娥,無
臺北市信義區永吉里,-1257,493,1750,2285,3165,0.7,陳永昌,中國國民黨
臺北市信義區永春里,-1219,630,1849,3019,4069,0.7,許蕙蘭,中國國民黨
臺北市信義區泰和里,-584,975,1559,4556,6384,0.7,林正義,中國國民黨
臺北市信義區興隆里,-423,284,707,1447,2144,0.7,吉娃斯‧吉果,中國國民黨
臺北市信義區興雅里,-864,662,1526,3329,4584,0.7,林素琴,中國國民黨
臺北市信義區西村里,-946,567,1513,2821,3661,0.8,馬念慈,中國國民黨
臺北市信義區長春里,-904,581,1485,2589,3493,0.7,許錦忠,無
臺北市信義區雅祥里,-578,687,1265,3110,4179,0.7,宋美玲,無
臺北市信義區雙和里,-1439,986,2425,4494,5868,0.8,宋祥輝,中國國民黨
臺北市信義區黎安里,-528,188,716,1115,1584,0.7,劉梅菊,中國國民黨
臺北市信義區黎平里,-2321,877,3198,4353,5744,0.8,楊介舟,中國國民黨
臺北市信義區黎忠里,-592,632,1224,2991,4005,0.7,黃建智,中國國民黨
臺北市信義區黎順里,-202,484,686,2435,3349,0.7,卓秀娟,中國國民黨
臺北市內湖區五分里,-804,1600,2404,6260,8365,0.7,王海枝,無
臺北市內湖區內湖里,-2123,892,3015,4086,5515,0.7,許昌華,無
臺北市內湖區內溝里,-809,701,1510,2952,3871,0.8,王曉芳,無
臺北市內湖區南湖里,-1055,820,1875,3449,4525,0.8,洪宜河,中國國民黨
臺北市內湖區大湖里,-1003,800,1803,3385,4462,0.8,郭坤祥,中國國民黨
臺北市內湖區安泰里,-677,847,1524,3342,4459,0.7,何素蓮,無
臺北市內湖區安湖里,-1378,1196,2574,4695,6142,0.8,尤樹旺,無
臺北市內湖區寶湖里,-3153,1374,4527,6031,7980,0.8,邱顯松,無
臺北市內湖區康寧里,-1279,1317,2596,5298,7067,0.7,鄭秀鳳,中國國民黨
臺北市內湖區明湖里,-761,881,1642,3297,4282,0.8,何應賢,中國國民黨
臺北市內湖區東湖里,-1102,1297,2399,5077,6625,0.8,邱朝祿,無
臺北市內湖區樂康里,-2378,1233,3611,4769,6376,0.7,張碧玉,無
臺北市內湖區清白里,-1330,1270,2600,5472,7174,0.8,陳東源,中國國民黨
臺北市內湖區港墘里,-706,914,1620,3811,4908,0.8,魏景城,中國國民黨
臺北市內湖區港富里,-1325,1381,2706,5917,7762,0.8,李安邦,無
臺北市內湖區港華里,-1205,1385,2590,5650,7331,0.8,劉達逢,中國國民黨
臺北市內湖區港都里,-1052,821,1873,3388,4381,0.8,江水龍,無
臺北市內湖區湖元里,-1163,1020,2183,4046,5425,0.7,林明源,無
臺北市內湖區湖濱里,-2625,1176,3801,5377,6943,0.8,陳尤雪,中國國民黨
臺北市內湖區湖興里,-1721,1105,2826,4640,7361,0.6,蔡穎峰,無
臺北市內湖區瑞光里,-1325,657,1982,2874,3711,0.8,黃崇賢,中國國民黨
臺北市內湖區瑞陽里,-1321,1056,2377,5032,6434,0.8,江光輝,無
臺北市內湖區石潭里,-1250,558,1808,2557,3467,0.7,廖煒國,無
臺北市內湖區碧山里,-94,991,1085,4473,5905,0.8,曹連燊,無
臺北市內湖區秀湖里,-2139,829,2968,3933,5199,0.8,謝明毅,中國國民黨
臺北市內湖區紫星里,-2579,1129,3708,5107,6617,0.8,謝佳惠,無
臺北市內湖區紫陽里,-2748,1233,3981,5389,7026,0.8,謝源德,中國國民黨
臺北市內湖區紫雲里,-1823,850,2673,3545,4703,0.8,夏亦芳,中國國民黨
臺北市內湖區葫洲里,-1902,1130,3032,4431,5839,0.8,曾宏昌,中國國民黨
臺北市內湖區蘆洲里,-391,192,583,720,1040,0.7,陳明霖,無
臺北市內湖區行善里,-957,1109,2066,4587,6011,0.8,沈茂松,中國國民黨
臺北市內湖區西安里,-1996,952,2948,4271,5469,0.8,李國榮,中國國民黨
臺北市內湖區西康里,-2724,1414,4138,6100,8055,0.8,王興國,中國國民黨
臺北市內湖區西湖里,-1042,1081,2123,4552,5872,0.8,黃俊隆,無
臺北市內湖區週美里,-2877,1326,4203,5736,7570,0.8,丘麗玲,無
臺北市內湖區金湖里,-3247,1375,4622,6044,7955,0.8,邱金波,中國國民黨
臺北市內湖區金瑞里,-2209,941,3150,4293,5596,0.8,羅世甫,無
臺北市內湖區金龍里,-471,751,1222,3426,4515,0.8,吳欣芸,無
臺北市內湖區麗山里,-1635,868,2503,3697,4856,0.8,許明全,無
臺北市北投區一德里,-1464,1084,2548,4625,6195,0.7,黃玉樹,無
臺北市北投區中和里,-1321,656,1977,3090,4061,0.8,黃景煌,中國國民黨
臺北市北投區中央里,-2432,1067,3499,4977,6804,0.7,陳國樑,無
臺北市北投區中庸里,-210,570,780,2469,3373,0.7,藍靜莉,無
臺北市北投區中心里,-1170,905,2075,3960,5715,0.7,陳力彰,無
臺北市北投區八仙里,-1785,712,2497,3321,4560,0.7,黃永清,無
臺北市北投區吉利里,-914,958,1872,4272,5561,0.8,劉序剛,中國國民黨
臺北市北投區吉慶里,-1442,753,2195,3218,4172,0.8,黃勝宗,無
臺北市北投區大同里,-514,728,1242,3410,4527,0.8,陳文鈴,無
臺北市北投區大屯里,-323,137,460,731,1047,0.7,張天恩,無
臺北市北投區奇岩里,-1147,1600,2747,7187,9509,0.8,賴進利,無
臺北市北投區尊賢里,-591,675,1266,2959,3867,0.8,張勻通,無
臺北市北投區建民里,-486,591,1077,2836,3678,0.8,簡妤年,無
臺北市北投區振華里,-2327,928,3255,4615,6198,0.7,郭崇儀,中國國民黨
臺北市北投區文化里,-643,533,1176,2505,3288,0.8,周世英,中國國民黨
臺北市北投區文林里,-857,565,1422,2770,3612,0.8,李珮緁,無
臺北市北投區智仁里,-457,879,1336,3706,4969,0.7,許世傳,無
臺北市北投區東華里,-1615,568,2183,2798,3619,0.8,袁大祥,中國國民黨
臺北市北投區林泉里,-532,399,931,1761,2614,0.7,陳惠華,無
臺北市北投區桃源里,-1261,888,2149,3761,5043,0.7,陳仲宏,無
臺北市北投區榮光里,-1072,1012,2084,4258,5809,0.7,蘇寶鈴,無
臺北市北投區榮華里,-1073,886,1959,4634,6093,0.8,何漢清,中國國民黨
臺北市北投區永和里,-3155,1107,4262,5741,7832,0.7,曾富榆,無
臺北市北投區永明里,-1329,713,2042,3024,3901,0.8,何麗玲,中國國民黨
臺北市北投區永欣里,-1643,1007,2650,5019,6749,0.7,潘萬生,中國國民黨
臺北市北投區泉源里,-813,296,1109,1429,2037,0.7,陳志成,中國國民黨
臺北市北投區洲美里,-358,367,725,1558,1987,0.8,陳照梅,無
臺北市北投區清江里,-2020,1091,3111,5407,8338,0.6,李炳亷,中國國民黨
臺北市北投區湖山里,-638,165,803,955,1349,0.7,李秋霞,中國國民黨
臺北市北投區湖田里,-338,100,438,537,779,0.7,曹昌正,無
臺北市北投區溫泉里,-697,801,1498,4047,5502,0.7,許智全,無
臺北市北投區石牌里,-1719,673,2392,3251,4240,0.8,洪美惠,無
臺北市北投區福興里,-1360,1041,2401,4389,5716,0.8,蔡柳池,無
臺北市北投區秀山里,-617,372,989,1964,2720,0.7,陳壽彭,中國國民黨
臺北市北投區稻香里,-1093,686,1779,3424,4729,0.7,陳健郎,無
臺北市北投區立賢里,-1034,812,1846,3341,4434,0.8,邱福銀,無
臺北市北投區立農里,-2524,1464,3988,5878,7522,0.8,潘建榮,無
臺北市北投區裕民里,-1040,1032,2072,4850,6496,0.7,莊振寧,無
臺北市北投區豐年里,-1026,596,1622,2563,3502,0.7,周江雪珠,無
臺北市北投區長安里,-657,821,1478,3678,5127,0.7,陳章生,無
臺北市北投區開明里,-1008,878,1886,4166,5619,0.7,左麗芳,中國國民黨
臺北市北投區關渡里,-714,1514,2228,6672,9154,0.7,張淑綢,無
臺北市南港區三重里,-1525,1195,2720,4673,6312,0.7,江輝吉,中國國民黨
臺北市南港區中南里,-1060,510,1570,2132,2903,0.7,詹坤隆,無
臺北市南港區中研里,-2120,1390,3510,5724,7512,0.8,謝志勇,無
臺北市南港區九如里,-1585,880,2465,3897,5228,0.7,蘇國賢,中國國民黨
臺北市南港區仁福里,-575,868,1443,3633,4693,0.8,吳肇輝,中國國民黨
臺北市南港區南港里,-1509,939,2448,3626,5368,0.7,李志錦,中國國民黨
臺北市南港區合成里,-2017,863,2880,4101,5474,0.7,巫永仁,無
臺北市南港區成福里,-548,1028,1576,4742,6173,0.8,王秋娥,中國國民黨
臺北市南港區新光里,-1152,508,1660,2347,3143,0.7,龔睿堉,中國國民黨
臺北市南港區新富里,-1017,537,1554,2380,3157,0.8,許睦燦,無
臺北市南港區東新里,-1163,1094,2257,4258,5703,0.7,蕭漢榮,中國國民黨
臺北市南港區東明里,-1596,961,2557,3543,4701,0.8,曾漢祺,中國國民黨
臺北市南港區玉成里,-1156,670,1826,2971,3904,0.8,黃聰智,無
臺北市南港區百福里,-1535,832,2367,3366,4397,0.8,李雯馨,無
臺北市南港區聯成里,-837,671,1508,3029,3968,0.8,李品君,無
臺北市南港區舊莊里,-2463,1334,3797,5365,7466,0.7,張瑞芳,無
臺北市南港區萬福里,-1405,600,2005,2847,3576,0.8,林建華,中國國民黨
臺北市南港區西新里,-565,681,1246,2879,3757,0.8,胡家瑒,無
臺北市南港區重陽里,-572,998,1570,3828,4990,0.8,馬敬忠,中國國民黨
臺北市南港區鴻福里,-1531,624,2155,2865,3749,0.8,劉明康,中國國民黨
臺北市士林區三玉里,-1625,738,2363,3649,4830,0.8,羅志傑,中國國民黨
臺北市士林區仁勇里,-1017,509,1526,2374,3173,0.7,洪銘鎮,無
臺北市士林區公館里,-416,162,578,820,1148,0.7,葉進財,無
臺北市士林區前港里,-1120,602,1722,2706,3621,0.7,陳瑞華,無
臺北市士林區名山里,-2261,918,3179,4506,5868,0.8,薛群秀,中國國民黨
臺北市士林區天和里,-1011,896,1907,4536,6099,0.7,蔡明松,無
臺北市士林區天壽里,-1559,586,2145,3083,4123,0.7,陳伯同,無
臺北市士林區天山里,-2104,775,2879,4140,5667,0.7,陳永鴻,無
臺北市士林區天母里,-2181,760,2941,4021,5450,0.7,李陳菜蓮,無
臺北市士林區天玉里,-2602,1026,3628,5282,7167,0.7,潘錦雄,無
臺北市士林區天祿里,-851,625,1476,3131,4247,0.7,李錦琿,無
臺北市士林區天福里,-1320,807,2127,3819,5202,0.7,江啓南,無
臺北市士林區富光里,-1054,848,1902,3674,4959,0.7,高毓紋,民主進步黨
臺北市士林區富洲里,-2151,815,2966,3912,5326,0.7,陳惠民,無
臺北市士林區岩山里,-1263,369,1632,2044,2805,0.7,林美雯,人民民主黨
臺北市士林區平等里,-357,153,510,967,1283,0.8,徐明忠,無
臺北市士林區後港里,-1749,1030,2779,4821,6522,0.7,紀建漢,無
臺北市士林區德華里,-1210,723,1933,3482,4586,0.8,林生賢,無
臺北市士林區德行里,-1574,577,2151,2786,3673,0.8,張僡美,無
臺北市士林區忠誠里,-1200,648,1848,3367,4544,0.7,曾坤來,中國國民黨
臺北市士林區承德里,-785,739,1524,3508,4699,0.7,陳洲平,中國國民黨
臺北市士林區新安里,-391,184,575,1192,1652,0.7,陳韋甫,無
臺北市士林區明勝里,-722,674,1396,3028,4021,0.8,張永棟,中國國民黨
臺北市士林區東山里,-1146,621,1767,3165,4232,0.7,陳文賢,中國國民黨
臺北市士林區永倫里,-1181,924,2105,4398,5892,0.7,石林麗惠,無
臺北市士林區永福里,-532,120,652,797,1069,0.7,林國柱,無
臺北市士林區溪山里,-425,157,582,963,1300,0.7,黃慧芬,無
臺北市士林區百齡里,-1974,981,2955,4177,5468,0.8,翁淑穎,民主進步黨
臺北市士林區社園里,-1020,1045,2065,4400,5883,0.7,陳飛熊,無
臺北市士林區社子里,-439,858,1297,3980,5359,0.7,陳明雄,中國國民黨
臺北市士林區社新里,-1547,1220,2767,5506,7430,0.7,林德隆,無
臺北市士林區福中里,-1120,915,2035,4147,5444,0.8,王德利,無
臺北市士林區福佳里,-1112,1018,2130,4799,6353,0.8,許木春,無
臺北市士林區福安里,-1039,564,1603,3116,4286,0.7,謝文加,民主進步黨
臺北市士林區福德里,-659,610,1269,2809,4831,0.6,盛琳惠,無
臺北市士林區福志里,-1222,893,2115,4733,6173,0.8,邱邱田,中國國民黨
臺北市士林區福林里,-939,375,1314,1875,2499,0.8,江美珠,無
臺北市士林區福華里,-758,841,1599,3762,5149,0.7,楊小莉,無
臺北市士林區福順里,-1993,700,2693,3323,4514,0.7,林家卉,民主進步黨
臺北市士林區義信里,-490,395,885,1932,2647,0.7,許立丕,中國國民黨
臺北市士林區翠山里,-702,297,999,1719,2294,0.7,陳之貴,中國國民黨
臺北市士林區聖山里,-1189,611,1800,3207,4201,0.8,吳三勇,無
臺北市士林區臨溪里,-1035,268,1303,1702,2424,0.7,郭肇富,無
臺北市士林區舊佳里,-1160,745,1905,3700,4993,0.7,陳明松,無
臺北市士林區芝山里,-983,975,1958,4740,6238,0.8,魏雅郁,中國國民黨
臺北市士林區菁山里,-300,193,493,965,1353,0.7,何德寬,無
臺北市士林區葫東里,-486,585,1071,2535,3354,0.8,郭淑玲,無
臺北市士林區葫蘆里,-2212,966,3178,4594,5987,0.8,許振禮,無
臺北市士林區蘭興里,-2266,765,3031,4004,5250,0.8,林文龍,無
臺北市士林區蘭雅里,-946,1114,2060,5410,7273,0.7,萬天榮,中國國民黨
臺北市士林區陽明里,-564,305,869,1808,2610,0.7,黃裕倉,中國國民黨
臺北市大同區保安里,-608,693,1301,2895,3727,0.8,張賦脈,民主進步黨
臺北市大同區光能里,-1552,750,2302,3170,4081,0.8,陳靜筠,民主進步黨
臺北市大同區南芳里,-535,570,1105,2554,3403,0.8,賴徐玉枝,民主進步黨
臺北市大同區國慶里,-570,650,1220,2907,3806,0.8,高大陸,民主進步黨
臺北市大同區國順里,-714,399,1113,1859,2493,0.7,陳穎慧,民主進步黨
臺北市大同區大有里,-1368,615,1983,2810,3728,0.8,許美智,民主進步黨
臺北市大同區延平里,-843,532,1375,2450,3325,0.7,郭逸斌,無
臺北市大同區建功里,-567,640,1207,2881,3899,0.7,周志賢,民主進步黨
臺北市大同區建明里,-919,403,1322,1925,2748,0.7,王振宇,無
臺北市大同區建泰里,-490,485,975,2186,2926,0.7,陳鵬程,民主進步黨
臺北市大同區揚雅里,-1345,440,1785,2188,3759,0.6,吳振明,無
臺北市大同區斯文里,-793,712,1505,3045,4182,0.7,江雪卿,民主進步黨
臺北市大同區星明里,-934,752,1686,3382,4702,0.7,劉福永,無
臺北市大同區景星里,-536,306,842,1447,2041,0.7,吳若屏,無
臺北市大同區朝陽里,-1454,601,2055,2691,3715,0.7,呂國維,無
臺北市大同區民權里,-1067,910,1977,3976,5295,0.8,陳玉女,無
臺北市大同區永樂里,-1153,722,1875,3139,4215,0.7,林宗穎,無
臺北市大同區玉泉里,-536,349,885,1762,2395,0.7,鄭錦泰,民主進步黨
臺北市大同區老師里,-654,839,1493,3535,4719,0.7,許宮銘,民主進步黨
臺北市大同區至聖里,-1698,997,2695,4859,6474,0.8,楊秀龍,無
臺北市大同區蓬萊里,-629,704,1333,3072,4067,0.8,何英輝,民主進步黨
臺北市大同區鄰江里,-899,897,1796,3931,5267,0.7,陳豊祥,民主進步黨
臺北市大同區重慶里,-977,963,1940,4101,5454,0.8,張艷鴻,無
臺北市大同區隆和里,-634,554,1188,2217,2956,0.8,沈春華,民主進步黨
臺北市大同區雙連里,-656,1294,1950,5542,7362,0.8,洪振恒,民主進步黨
臺北市大安區仁愛里,-570,408,978,2739,4063,0.7,林宜蓁,中國國民黨
臺北市大安區仁慈里,-1117,597,1714,3207,4250,0.8,陳麒中,中國國民黨
臺北市大安區住安里,-1441,564,2005,2968,4132,0.7,歐秀珠,中國國民黨
臺北市大安區光信里,-1032,788,1820,4332,5874,0.7,楊珮菱,無
臺北市大安區光明里,-492,591,1083,2195,2920,0.8,張惠銓,中國國民黨
臺北市大安區光武里,-2405,741,3146,4299,6101,0.7,韓修和,無
臺北市大安區全安里,-673,466,1139,2588,3582,0.7,連馬世驍,無
臺北市大安區古莊里,-1012,989,2001,4426,6033,0.7,吳宗雄,無
臺北市大安區古風里,-1163,506,1669,2499,3368,0.7,孔憲娟,中國國民黨
臺北市大安區和安里,-2115,819,2934,3954,5243,0.8,翁德東,無
臺北市大安區大學里,-1928,1012,2940,5150,6906,0.7,吳沛璇,中國國民黨
臺北市大安區學府里,-608,233,841,1379,1931,0.7,李淳琳,中國國民黨
臺北市大安區建倫里,-1798,530,2328,3421,4901,0.7,林正達,中國國民黨
臺北市大安區建安里,-794,478,1272,2736,3873,0.7,溫志維,中國國民黨
臺北市大安區德安里,-1711,551,2262,3228,4493,0.7,蔡銘宗,中國國民黨
臺北市大安區敦安里,-1359,646,2005,3500,4917,0.7,王復,無
臺北市大安區敦煌里,-1303,641,1944,3510,4836,0.7,傅吉田,中國國民黨
臺北市大安區新龍里,-858,939,1797,4196,5453,0.8,李淑梅,中國國民黨
臺北市大安區昌隆里,-1009,293,1302,1835,2598,0.7,王志剛,中國國民黨
臺北市大安區正聲里,-813,491,1304,2641,3682,0.7,陳秀蘭,中國國民黨
臺北市大安區民炤里,-1873,878,2751,4678,6460,0.7,周暉泰,中國國民黨
臺北市大安區民輝里,-1534,790,2324,3956,5508,0.7,陳威禎,無
臺北市大安區永康里,-682,467,1149,2115,2889,0.7,李明螢,中國國民黨
臺北市大安區法治里,-878,535,1413,2780,3712,0.7,林佩燕,中國國民黨
臺北市大安區福住里,-1836,787,2623,3567,4850,0.7,李欣芠,無
臺北市大安區群英里,-2462,833,3295,4318,5785,0.7,石忠勝,中國國民黨
臺北市大安區群賢里,-1809,629,2438,3402,4646,0.7,翁鴻源,無
臺北市大安區義安里,-820,570,1390,3146,4385,0.7,劉威志,中國國民黨
臺北市大安區義村里,-939,592,1531,3360,4555,0.7,潘明勲,中國國民黨
臺北市大安區臥龍里,-596,272,868,1253,1628,0.8,邱奕承,無
臺北市大安區臨江里,-1448,506,1954,2503,3445,0.7,劉勇雄,無
臺北市大安區芳和里,-945,668,1613,3476,4709,0.7,黃正浪,中國國民黨
臺北市大安區華聲里,-1243,444,1687,2386,3352,0.7,陳金花,無
臺北市大安區虎嘯里,-1330,422,1752,2297,3054,0.8,詹仲琪,中國國民黨
臺北市大安區誠安里,-1371,369,1740,2301,3272,0.7,李有福,無
臺北市大安區車層里,-956,615,1571,3569,5008,0.7,李易儒,中國國民黨
臺北市大安區通化里,-941,782,1723,3639,5018,0.7,周進財,中國國民黨
臺北市大安區通安里,-669,658,1327,3275,4448,0.7,鄭水波,無
臺北市大安區錦安里,-1098,764,1862,3529,4697,0.8,龔志慧,中國國民黨
臺北市大安區錦泰里,-714,490,1204,2214,2939,0.8,范燕淇,無
臺北市大安區錦華里,-1301,797,2098,3507,4524,0.8,溫美珠,無
臺北市大安區黎元里,-679,716,1395,3392,4515,0.8,蘇偉彬,無
臺北市大安區黎和里,-800,633,1433,3017,3955,0.8,李啟宏,中國國民黨
臺北市大安區黎孝里,-2461,1008,3469,4823,6339,0.8,方丁輝,中國國民黨
臺北市大安區龍圖里,-470,806,1276,4023,5491,0.7,蕭萬居,中國國民黨
臺北市大安區龍坡里,-1914,654,2568,3330,4527,0.7,黃世詮,中國國民黨
臺北市大安區龍安里,-1665,818,2483,3786,6282,0.6,洪秋甲,中國國民黨
臺北市大安區龍泉里,-1441,626,2067,2957,3942,0.8,龎維良,無
臺北市大安區龍淵里,-2501,1201,3702,5401,7191,0.8,汪吉秋,中國國民黨
臺北市大安區龍生里,-1986,842,2828,3979,5236,0.8,沈鳳雲,中國國民黨
臺北市大安區龍門里,-1328,469,1797,2494,3396,0.7,黃絹家,中國國民黨
臺北市大安區龍陣里,-634,381,1015,2129,2842,0.7,游菊英,無
臺北市大安區龍雲里,-662,492,1154,2752,3787,0.7,黃廣明,中國國民黨
臺北市文山區博嘉里,-931,760,1691,3565,4893,0.7,吳坤輝,無
臺北市文山區忠順里,-1399,583,1982,2753,3563,0.8,曾寧旖,中國國民黨
臺北市文山區指南里,-535,585,1120,2524,3429,0.7,張佳南,中國國民黨
臺北市文山區政大里,-992,1107,2099,4703,6193,0.8,鄭文綺,無
臺北市文山區明義里,-1182,583,1765,2413,3365,0.7,仇世屏,中國國民黨
臺北市文山區明興里,-883,1002,1885,4245,5655,0.8,鄢健民,無
臺北市文山區景仁里,-871,794,1665,3596,4714,0.8,何進輝,中國國民黨
臺北市文山區景慶里,-676,900,1576,3851,5184,0.7,蔡岳澄,無
臺北市文山區景東里,-2101,981,3082,4353,5792,0.8,高鳳謙,中國國民黨
臺北市文山區景美里,-451,685,1136,3132,4204,0.7,林賢錡,無
臺北市文山區景華里,-823,760,1583,3440,4619,0.7,黃培堯,中國國民黨
臺北市文山區景行里,-923,1120,2043,4692,6221,0.8,陳千惠,無
臺北市文山區木新里,-2501,1202,3703,5587,8621,0.6,鄭明通,中國國民黨
臺北市文山區木柵里,-1474,1283,2757,6081,7958,0.8,林志勤,無
臺北市文山區樟文里,-2022,843,2865,3806,5032,0.8,林淑珠,中國國民黨
臺北市文山區樟新里,-983,747,1730,3376,4478,0.8,歐陽禾英,無
臺北市文山區樟林里,-2626,1141,3767,5128,6938,0.7,陳文乾,中國國民黨
臺北市文山區樟樹里,-1526,659,2185,2859,3779,0.8,陳再炯,中國國民黨
臺北市文山區樟腳里,-1686,775,2461,3356,4508,0.7,高林玉嬌,中國國民黨
臺北市文山區老泉里,-257,92,349,535,725,0.7,周良富,無
臺北市文山區興光里,-992,536,1528,2438,3307,0.7,洪正平,中國國民黨
臺北市文山區興安里,-1844,881,2725,4250,5559,0.8,林文權,無
臺北市文山區興家里,-2624,1038,3662,4652,6127,0.8,劉宗勲,中國國民黨
臺北市文山區興得里,-1791,867,2658,3838,5108,0.8,曾瑞城,中國國民黨
臺北市文山區興旺里,-642,1264,1906,5151,6820,0.8,蘇瓏議,無
臺北市文山區興昌里,-1889,864,2753,3992,5459,0.7,吳融昊,中國國民黨
臺北市文山區興業里,-1695,683,2378,3335,4420,0.8,凌錦成,中國國民黨
臺北市文山區興泰里,-786,601,1387,2686,3481,0.8,施志聰,中國國民黨
臺北市文山區興福里,-820,767,1587,3406,4485,0.8,呂晴芸,無
臺北市文山區興豐里,-852,689,1541,3114,4086,0.8,余鴻儒,中國國民黨
臺北市文山區興邦里,-1747,694,2441,3215,4221,0.8,張朝雄,中國國民黨
臺北市文山區華興里,-3221,1185,4406,5524,7299,0.8,陳峙穎,無
臺北市文山區萬和里,-1092,452,1544,2200,2872,0.8,吳祚榮,中國國民黨
臺北市文山區萬年里,-1654,730,2384,3330,4408,0.8,邱秋芳,無
臺北市文山區萬有里,-684,757,1441,3486,4521,0.8,黃麗霓,中國國民黨
臺北市文山區萬盛里,-1448,624,2072,2948,3965,0.7,徐福進,中國國民黨
臺北市文山區萬祥里,-858,581,1439,2805,3686,0.8,張紅木,無
臺北市文山區萬美里,-1034,887,1921,4338,6071,0.7,鄧瑞興,無
臺北市文山區萬興里,-1161,1132,2293,5106,6810,0.7,林志冠,無
臺北市文山區萬芳里,-1640,1165,2805,4894,6578,0.7,陳姿秀,中國國民黨
臺北市文山區萬隆里,-853,994,1847,4448,5816,0.8,林宗弘,無
臺北市文山區試院里,-1168,990,2158,4358,5595,0.8,廖欽銅,中國國民黨
臺北市文山區順興里,-1554,1078,2632,4614,5996,0.8,楊培釧,無
臺北市松山區三民里,-2276,758,3034,4121,5545,0.7,謝翠鈴,中國國民黨
臺北市松山區中崙里,-573,551,1124,2457,3220,0.8,張陳碧雲,中國國民黨
臺北市松山區中正里,-2768,1168,3936,5476,7351,0.7,洪樸陽,無
臺北市松山區中華里,-2023,755,2778,3810,5055,0.8,游吉興,中國國民黨
臺北市松山區介壽里,-842,498,1340,2618,3462,0.8,蔡錦文,無
臺北市松山區吉仁里,-1192,501,1693,2321,3098,0.7,李全長,無
臺北市松山區吉祥里,-2538,980,3518,4959,6653,0.7,陳永昌,中國國民黨
臺北市松山區安平里,-2285,1121,3406,5076,6914,0.7,洪温滿,無
臺北市松山區富泰里,-1083,550,1633,2791,3725,0.7,吳學毅,中國國民黨
臺北市松山區富錦里,-844,630,1474,3132,4230,0.7,李煥中,中國國民黨
臺北市松山區復勢里,-1824,831,2655,3853,5114,0.8,徐麗雲,中國國民黨
臺北市松山區復建里,-830,574,1404,2713,3603,0.8,林坤信,中國國民黨
臺北市松山區復源里,-1087,398,1485,2025,2684,0.8,温福義,中國國民黨
臺北市松山區復盛里,-1302,755,2057,3818,5101,0.7,張晉維,無
臺北市松山區慈祐里,-2320,1033,3353,4541,7084,0.6,李祖民,無
臺北市松山區敦化里,-961,841,1802,4158,5374,0.8,蘇榮文,中國國民黨
臺北市松山區新東里,-1674,632,2306,3086,4014,0.8,華國雄,中國國民黨
臺北市松山區新益里,-495,603,1098,2933,3768,0.8,王敏茹,無
臺北市松山區新聚里,-1453,1040,2493,4817,6475,0.7,郭秀鳳,中國國民黨
臺北市松山區東光里,-1188,816,2004,4307,5756,0.7,許秀雲,中國國民黨
臺北市松山區東勢里,-1479,526,2005,2592,3420,0.8,王叔珍,無
臺北市松山區東昌里,-828,344,1172,1545,2019,0.8,陳志明,中國國民黨
臺北市松山區東榮里,-2799,921,3720,4806,6334,0.8,鄭玉梅,無
臺北市松山區松基里,-941,391,1332,2178,2950,0.7,黃建賓,無
臺北市松山區民有里,-944,981,1925,5451,7215,0.8,林國瑞,無
臺北市松山區民福里,-813,786,1599,3904,5191,0.8,李麗容,無
臺北市松山區福成里,-335,322,657,1588,2109,0.8,葉佐良,中國國民黨
臺北市松山區精忠里,-1030,507,1537,2573,3474,0.7,賴美旭,中國國民黨
臺北市松山區美仁里,-1040,419,1459,2065,2726,0.8,林志創,中國國民黨
臺北市松山區自強里,-2826,1087,3913,5634,7507,0.8,李台華,中國國民黨
臺北市松山區莊敬里,-1470,666,2136,3153,4283,0.7,周政諭,中國國民黨
臺北市松山區鵬程里,-785,645,1430,3052,3932,0.8,許顏建,中國國民黨
臺北市松山區龍田里,-1249,1395,2644,6363,8323,0.8,黃淑芬,無
臺北市萬華區仁德里,-1645,664,2309,2963,4025,0.7,許淑惠,民主進步黨
臺北市萬華區保德里,-1079,441,1520,2006,2653,0.8,楊美女,無
臺北市萬華區全德里,-1344,592,1936,2631,3464,0.8,趙素美,無
臺北市萬華區凌霄里,-1251,476,1727,2247,3026,0.7,游秋蓮,中國國民黨
臺北市萬華區和平里,-1104,901,2005,4005,5442,0.7,吳淑芬,無
臺北市萬華區和德里,-1746,823,2569,3656,5175,0.7,洪天化,無
臺北市萬華區壽德里,-520,657,1177,3003,4074,0.7,陳志雄,無
臺北市萬華區孝德里,-1174,465,1639,2055,2688,0.8,李明芬,無
臺北市萬華區富民里,-384,628,1012,3024,4160,0.7,范添成,民主進步黨
臺北市萬華區富福里,-776,655,1431,2958,5239,0.6,許文輝,中國國民黨
臺北市萬華區忠德里,-914,659,1573,2794,3721,0.8,施育婷,無
臺北市萬華區忠貞里,-1094,507,1601,2935,3997,0.7,林錫祺,中國國民黨
臺北市萬華區新和里,-2882,1119,4001,5315,6903,0.8,邱惠雯,無
臺北市萬華區新安里,-1815,706,2521,3376,4873,0.7,郭正中,中國國民黨
臺北市萬華區新忠里,-1287,389,1676,2146,2954,0.7,邱文龍,中國國民黨
臺北市萬華區新起里,-1978,1025,3003,4357,5995,0.7,陳鴻祥,無
臺北市萬華區日善里,-1024,499,1523,2222,2931,0.8,蕭進德,無
臺北市萬華區日祥里,-1057,828,1885,3767,5067,0.7,張宏聖,無
臺北市萬華區柳鄉里,-1450,668,2118,3000,4249,0.7,蔡和益,無
臺北市萬華區榮德里,-1219,463,1682,2182,2943,0.7,陳欣漢,無
臺北市萬華區福星里,-802,678,1480,3153,4488,0.7,李黃玉根,中國國民黨
臺北市萬華區福音里,-1068,574,1642,2428,3328,0.7,蔡岳樺,中國國民黨
臺北市萬華區糖廍里,-620,707,1327,3372,4552,0.7,葉玲瑜,無
臺北市萬華區綠堤里,-880,594,1474,2526,3566,0.7,邱郁惠,無
臺北市萬華區興德里,-620,623,1243,2659,3757,0.7,吳政侑,無
臺北市萬華區菜園里,-1914,845,2759,3799,5086,0.7,蔡蕙而,無
臺北市萬華區華中里,-824,839,1663,3793,5022,0.8,黃世豪,無
臺北市萬華區華江里,-1184,1192,2376,5092,6964,0.7,洪佳君,無
臺北市萬華區萬壽里,-557,370,927,1850,2775,0.7,吳美玟,無
臺北市萬華區西門里,-662,437,1099,2108,3073,0.7,葉敏惠,中國國民黨
臺北市萬華區銘德里,-895,672,1567,2840,3847,0.7,吳啟源,無
臺北市萬華區錦德里,-617,777,1394,3362,4575,0.7,張菀庭,無
臺北市萬華區雙園里,-1313,744,2057,2968,3959,0.7,許惠城,無
臺北市萬華區青山里,-591,776,1367,3655,5123,0.7,李昭成,無
臺北市萬華區頂碩里,-1087,924,2011,4382,5762,0.8,溫宗霖,無
臺北市萬華區騰雲里,-766,437,1203,1989,2548,0.8,李重華,中國國民黨
