村里,2024-2022,2024民眾黨,2022村里長得票,2024投票數,2024選舉人數,2024投票率,里長姓名,里長政黨
花蓮縣光復鄉北富村,-259,60,319,468,834,0.6,黃進正,無
花蓮縣光復鄉南富村,-415,55,470,485,784,0.6,林萬德Kaniw‧Fono,中國國民黨
花蓮縣光復鄉大全村,-125,57,182,429,737,0.6,林淑珍,無
花蓮縣光復鄉大同村,-272,91,363,612,985,0.6,邱金仲,無
花蓮縣光復鄉大安村,-431,93,524,513,763,0.7,徐振雄,無
花蓮縣光復鄉大富村,-117,25,142,176,287,0.6,許阿益,無
花蓮縣光復鄉大平村,-261,59,320,551,890,0.6,曾培靈,無
花蓮縣光復鄉大興村,-203,26,229,240,428,0.6,劉建榮,中國國民黨
花蓮縣光復鄉大華村,-448,101,549,750,1190,0.6,曾天滄,中國國民黨
花蓮縣光復鄉大豐村,-81,39,120,236,391,0.6,黃紹貫,無
花蓮縣光復鄉大進村,-171,34,205,270,404,0.7,林正立,無
花蓮縣光復鄉大馬村,-180,70,250,532,948,0.6,王梓安,無
花蓮縣光復鄉東富村,-445,64,509,564,942,0.6,黃建桐,中國國民黨
花蓮縣光復鄉西富村,-233,57,290,512,876,0.6,劉貴滿,中國國民黨
花蓮縣卓溪鄉卓清村,-186,69,255,532,993,0.5,何秋明,中國國民黨
花蓮縣卓溪鄉卓溪村,-197,57,254,417,697,0.6,黃品綸,無
花蓮縣卓溪鄉古風村,-298,75,373,560,916,0.6,陳乙諄,中國國民黨
花蓮縣卓溪鄉太平村,-232,55,287,435,678,0.6,田光輝,中國國民黨
花蓮縣卓溪鄉崙山村,-267,38,305,294,510,0.6,宋輝國,中國國民黨
花蓮縣卓溪鄉立山村,-406,72,478,543,931,0.6,"葉光明 Umin‧Havung",無
花蓮縣吉安鄉仁和村,-580,676,1256,2909,4433,0.7,陳淑美,中國國民黨
花蓮縣吉安鄉仁安村,-674,319,993,1477,2334,0.6,廖建緯,中國國民黨
花蓮縣吉安鄉仁里村,-989,650,1639,3899,5875,0.7,范國昌,中國國民黨
花蓮縣吉安鄉光華村,-300,247,547,1295,1969,0.7,石福春,中國國民黨
花蓮縣吉安鄉勝安村,-499,759,1258,3558,4956,0.7,陳羿華,中國國民黨
花蓮縣吉安鄉北昌村,-1761,1023,2784,4876,6926,0.7,劉文賢,中國國民黨
花蓮縣吉安鄉南昌村,-290,574,864,2792,4041,0.7,陳振興,中國國民黨
花蓮縣吉安鄉南華村,-179,164,343,1023,1544,0.7,蕭萬生,中國國民黨
花蓮縣吉安鄉吉安村,-1521,765,2286,3564,5269,0.7,田秀鳳,中國國民黨
花蓮縣吉安鄉太昌村,-401,428,829,2333,3623,0.6,邱耀輝,中國國民黨
花蓮縣吉安鄉宜昌村,-239,544,783,2693,3858,0.7,黃志源,無
花蓮縣吉安鄉干城村,-429,109,538,715,1243,0.6,林世昌,中國國民黨
花蓮縣吉安鄉慶豐村,-496,1057,1553,4810,6876,0.7,王淑娟,人民民主黨
花蓮縣吉安鄉東昌村,-326,766,1092,3659,5348,0.7,魏錦添,中國國民黨
花蓮縣吉安鄉永安村,-1014,570,1584,2883,4208,0.7,郭仁添,中國國民黨
花蓮縣吉安鄉永興村,-1003,391,1394,1923,2914,0.7,陳源忠,中國國民黨
花蓮縣吉安鄉福興村,-974,447,1421,2061,2892,0.7,黃駿緯,中國國民黨
花蓮縣吉安鄉稻香村,-423,467,890,2210,3136,0.7,鄧桂英,中國國民黨
花蓮縣壽豐鄉光榮村,-219,81,300,513,761,0.7,陳一星,中國國民黨
花蓮縣壽豐鄉共和村,-221,76,297,493,720,0.7,錢玉南,中國國民黨
花蓮縣壽豐鄉壽豐村,-127,180,307,1039,1546,0.7,諶仲泰,無
花蓮縣壽豐鄉平和村,-623,167,790,895,1358,0.7,張裕勝,無
花蓮縣壽豐鄉志學村,-535,324,859,1702,2486,0.7,蔡漢東,無
花蓮縣壽豐鄉月眉村,-156,62,218,491,801,0.6,張添發,中國國民黨
花蓮縣壽豐鄉樹湖村,-137,46,183,214,328,0.7,彭榮華,中國國民黨
花蓮縣壽豐鄉水璉村,-183,46,229,415,663,0.6,蔡素月,無
花蓮縣壽豐鄉池南村,-124,65,189,465,688,0.7,張清飛,無
花蓮縣壽豐鄉溪口村,-230,92,322,613,985,0.6,温幸惠,無
花蓮縣壽豐鄉米棧村,-119,17,136,176,257,0.7,許炎煌,無
花蓮縣壽豐鄉豐坪村,-389,83,472,524,851,0.6,游淑霞,無
花蓮縣壽豐鄉豐山村,-257,215,472,1131,1791,0.6,梁德仁,中國國民黨
花蓮縣壽豐鄉豐裡村,-549,177,726,832,1246,0.7,鍾曜宇,無
花蓮縣壽豐鄉鹽寮村,-145,53,198,306,473,0.6,簡福其,無
花蓮縣富里鄉吳江村,-145,27,172,221,443,0.5,葉見喨,無
花蓮縣富里鄉學田村,-117,41,158,376,600,0.6,鄧萬華,無
花蓮縣富里鄉富南村,-144,26,170,236,449,0.5,廖素淩,無
花蓮縣富里鄉富里村,-319,106,425,717,1250,0.6,曾明健,無
花蓮縣富里鄉新興村,-292,46,338,303,571,0.5,劉文祥,無
花蓮縣富里鄉明里村,-140,28,168,194,352,0.6,黃瑞騰,無
花蓮縣富里鄉東里村,-205,76,281,489,954,0.5,劉青河,無
花蓮縣富里鄉永豐村,-164,26,190,228,415,0.5,陳美月,無
花蓮縣富里鄉石牌村,-264,79,343,510,847,0.6,吳裕達,無
花蓮縣富里鄉竹田村,-550,90,640,612,1025,0.6,陳勝駿,無
花蓮縣富里鄉羅山村,-67,47,114,246,415,0.6,鄧素珍,無
花蓮縣富里鄉萬寧村,-282,31,313,302,589,0.5,徐賢淵,無
花蓮縣富里鄉豐南村,-160,34,194,326,585,0.6,王晉英,無
花蓮縣新城鄉佳林村,-101,132,233,654,947,0.7,何禮飛,中國國民黨
花蓮縣新城鄉北埔村,-385,446,831,1995,3092,0.6,黃淑貞,中國國民黨
花蓮縣新城鄉嘉新村,-239,130,369,737,1191,0.6,邱明雄,中國國民黨
花蓮縣新城鄉嘉里村,-994,568,1562,2436,3664,0.7,何禮鳳,中國國民黨
花蓮縣新城鄉大漢村,-742,343,1085,1586,2434,0.7,李添富,中國國民黨
花蓮縣新城鄉康樂村,-426,289,715,1520,2307,0.7,賴明進,中國國民黨
花蓮縣新城鄉新城村,-268,139,407,809,1172,0.7,胡國雄,中國國民黨
花蓮縣新城鄉新秀村,-150,278,428,1073,1610,0.7,王秋香,中國國民黨
花蓮縣新城鄉順安村,-268,102,370,564,857,0.7,黃仲祥,無
花蓮縣玉里鎮三民里,-349,55,404,443,819,0.5,蔡貴富,無
花蓮縣玉里鎮中城里,-837,560,1397,3144,4871,0.6,姜學文,中國國民黨
花蓮縣玉里鎮啟模里,-613,143,756,852,1480,0.6,陳文祥,民主進步黨
花蓮縣玉里鎮國武里,-186,126,312,702,1060,0.7,陳玉蘭,中國國民黨
花蓮縣玉里鎮大禹里,-199,103,302,583,977,0.6,孔慶君,無
花蓮縣玉里鎮德武里,-186,54,240,415,726,0.6,楊敏雄,無
花蓮縣玉里鎮春日里,-186,50,236,450,802,0.6,陳青廉,中國國民黨
花蓮縣玉里鎮東豐里,-122,45,167,281,496,0.6,周富美,無
花蓮縣玉里鎮松浦里,-385,70,455,616,1347,0.5,陳錦忠,無
花蓮縣玉里鎮樂合里,-170,55,225,494,917,0.5,陳阿洲,中國國民黨
花蓮縣玉里鎮永昌里,-397,94,491,584,1159,0.5,趙琦文,無
花蓮縣玉里鎮泰昌里,-349,105,454,555,1216,0.5,李家樑,無
花蓮縣玉里鎮源城里,-225,112,337,716,1168,0.6,李春生,無
花蓮縣玉里鎮觀音里,-450,98,548,793,1469,0.5,陳金寶,中國國民黨
花蓮縣玉里鎮長良里,-251,46,297,299,575,0.5,陳文華,無
花蓮縣瑞穗鄉奇美村,-185,12,197,163,305,0.5,蔣國雄,無
花蓮縣瑞穗鄉富民村,-252,44,296,428,805,0.5,吳明義,無
花蓮縣瑞穗鄉富源村,-318,67,385,422,698,0.6,江士仁,中國國民黨
花蓮縣瑞穗鄉富興村,-283,34,317,327,564,0.6,陳精浩,中國國民黨
花蓮縣瑞穗鄉瑞北村,-151,35,186,306,551,0.6,李孔忠,無
花蓮縣瑞穗鄉瑞祥村,-147,65,212,521,856,0.6,黃崧庭,無
花蓮縣瑞穗鄉瑞穗村,-312,148,460,1067,1702,0.6,羅文鑑,無
花蓮縣瑞穗鄉瑞美村,-401,185,586,1165,1793,0.6,林禹賢,無
花蓮縣瑞穗鄉瑞良村,-206,28,234,299,491,0.6,黃義雄,無
花蓮縣瑞穗鄉舞鶴村,-230,74,304,524,884,0.6,楊明林,中國國民黨
花蓮縣瑞穗鄉鶴岡村,-113,72,185,489,813,0.6,羅峰,無
花蓮縣秀林鄉佳民村,-246,110,356,704,1084,0.6,尤煥青,中國國民黨
花蓮縣秀林鄉和平村,-357,177,534,1056,1640,0.6,董蓮怡,無
花蓮縣秀林鄉富世村,-469,226,695,1210,1916,0.6,張文盛,無
花蓮縣秀林鄉崇德村,-314,135,449,851,1442,0.6,"李慧齡Tumun Mowkey",中國國民黨
花蓮縣秀林鄉文蘭村,-301,138,439,775,1142,0.7,田文才Bunjay·Tadaw,中國國民黨
花蓮縣秀林鄉景美村,-398,234,632,1193,1861,0.6,田廣增,無
花蓮縣秀林鄉水源村,-381,165,546,855,1221,0.7,洪明輝,無
花蓮縣秀林鄉秀林村,-738,240,978,1157,1839,0.6,"周賢德 Tmang Sasak",中國國民黨
花蓮縣秀林鄉銅門村,-299,174,473,836,1236,0.7,葉清賢,中國國民黨
花蓮縣花蓮市主信里,-205,109,314,459,624,0.7,吳健澧,中國國民黨
花蓮縣花蓮市主力里,-683,379,1062,1741,2459,0.7,林建成,中國國民黨
花蓮縣花蓮市主勤里,-126,98,224,505,736,0.7,蔡烈旗,無
花蓮縣花蓮市主和里,-497,392,889,1868,2768,0.7,高健雄,無
花蓮縣花蓮市主商里,-156,82,238,378,505,0.7,廖大慶,中國國民黨
花蓮縣花蓮市主學里,-452,265,717,1235,1788,0.7,陳紀美雲,無
花蓮縣花蓮市主安里,-681,336,1017,1568,2314,0.7,許時章,中國國民黨
花蓮縣花蓮市主工里,-157,83,240,364,485,0.8,姜梅蘭,中國國民黨
花蓮縣花蓮市主權里,-470,784,1254,3528,5006,0.7,陳悅芳,無
花蓮縣花蓮市主睦里,-157,73,230,363,534,0.7,黃榮康,中國國民黨
花蓮縣花蓮市主義里,-148,61,209,313,429,0.7,蔡佳憲,中國國民黨
花蓮縣花蓮市主計里,-244,109,353,513,776,0.7,張家寧,中國國民黨
花蓮縣花蓮市主農里,-453,524,977,2380,3361,0.7,劉冠宏,中國國民黨
花蓮縣花蓮市國光里,-354,141,495,751,1139,0.7,魏陽進,中國國民黨
花蓮縣花蓮市國威里,-113,205,318,915,1641,0.6,胡維鴻,無
花蓮縣花蓮市國安里,-112,64,176,346,466,0.7,蔡月琴,中國國民黨
花蓮縣花蓮市國富里,-1379,636,2015,3300,4713,0.7,莊萬來,中國國民黨
花蓮縣花蓮市國強里,-516,261,777,1229,1771,0.7,吳逸仁,中國國民黨
花蓮縣花蓮市國慶里,-326,170,496,761,1060,0.7,林群上,無
花蓮縣花蓮市國治里,-248,108,356,542,794,0.7,林建岐,中國國民黨
花蓮縣花蓮市國盛里,-864,512,1376,2266,3592,0.6,張芝瑜,中國國民黨
花蓮縣花蓮市國福里,-220,159,379,864,1409,0.6,李鳳凰,無
花蓮縣花蓮市國聯里,-326,407,733,1866,2716,0.7,林靜芬,中國國民黨
花蓮縣花蓮市國興里,-380,641,1021,2898,4175,0.7,俞慧君,中國國民黨
花蓮縣花蓮市國華里,-161,314,475,1462,2053,0.7,林軒羽,中國國民黨
花蓮縣花蓮市國裕里,-1119,594,1713,2864,4141,0.7,杜曉炬,中國國民黨
花蓮縣花蓮市國防里,-196,123,319,556,788,0.7,黃強,無
花蓮縣花蓮市國風里,-493,431,924,2108,2984,0.7,黃秀霖,中國國民黨
花蓮縣花蓮市國魂里,-433,281,714,1231,1752,0.7,趙瑞平,中國國民黨
花蓮縣花蓮市民主里,-172,85,257,353,536,0.7,許訓瑜,中國國民黨
花蓮縣花蓮市民享里,-772,445,1217,2055,2977,0.7,徐靖縈,中國國民黨
花蓮縣花蓮市民勤里,-732,477,1209,2040,2876,0.7,黎新順,中國國民黨
花蓮縣花蓮市民孝里,-424,446,870,2236,3233,0.7,黃石貴,中國國民黨
花蓮縣花蓮市民德里,-136,237,373,1047,1431,0.7,周玉寶,中國國民黨
花蓮縣花蓮市民心里,-281,139,420,619,933,0.7,孫華祥,無
花蓮縣花蓮市民意里,-573,199,772,1259,1900,0.7,顏春有,中國國民黨
花蓮縣花蓮市民政里,-505,559,1064,2546,3575,0.7,林志鵬,中國國民黨
花蓮縣花蓮市民族里,-145,47,192,264,382,0.7,張東耀,中國國民黨
花蓮縣花蓮市民有里,-77,85,162,380,545,0.7,簡振福,無
花蓮縣花蓮市民樂里,-172,96,268,427,611,0.7,黃村吉,中國國民黨
花蓮縣花蓮市民權里,-85,62,147,275,392,0.7,劉原良,中國國民黨
花蓮縣花蓮市民生里,-312,134,446,680,1002,0.7,吳明崇,民主進步黨
花蓮縣花蓮市民立里,-179,196,375,980,1537,0.6,張萱,無
花蓮縣花蓮市民運里,-617,248,865,1319,1938,0.7,林美靜,中國國民黨
花蓮縣萬榮鄉明利村,-118,59,177,400,619,0.6,謝忠義,無
花蓮縣萬榮鄉紅葉村,-521,88,609,576,1016,0.6,呂明堅,無
花蓮縣萬榮鄉萬榮村,-206,82,288,505,747,0.7,蔡雅雯,無
花蓮縣萬榮鄉西林村,-202,104,306,632,1018,0.6,陳長旭,無
花蓮縣萬榮鄉見晴村,-107,41,148,275,492,0.6,"王菊妹 Hanang．Cyuki",無
花蓮縣萬榮鄉馬遠村,-249,96,345,635,1065,0.6,馬鍾啓,無
花蓮縣豐濱鄉新社村,-168,30,198,291,577,0.5,江素珍,全國人民黨
花蓮縣豐濱鄉港口村,-164,40,204,433,729,0.6,許先忠,無
花蓮縣豐濱鄉磯崎村,-144,13,157,197,378,0.5,陳明憲,無
花蓮縣豐濱鄉豐濱村,-323,81,404,816,1513,0.5,"蔡賢山 Iyu‧Looh",無
花蓮縣豐濱鄉靜浦村,-366,32,398,318,617,0.5,黃建治,無
花蓮縣鳳林鎮北林里,-151,61,212,379,523,0.7,黃正輝,無
花蓮縣鳳林鎮南平里,-193,32,225,319,510,0.6,陳文乾,無
花蓮縣鳳林鎮大榮里,-424,122,546,765,1205,0.6,莊秀英,中國國民黨
花蓮縣鳳林鎮山興里,-124,48,172,336,543,0.6,"謝盛宜 Calaw Kaniw",無
花蓮縣鳳林鎮林榮里,-413,72,485,524,762,0.7,陳嬌妹,無
花蓮縣鳳林鎮森榮里,-32,4,36,56,82,0.7,謝玉珍,無
花蓮縣鳳林鎮長橋里,-271,72,343,570,905,0.6,邱進崑,無
花蓮縣鳳林鎮鳳仁里,-281,130,411,801,1142,0.7,許正燊,無
花蓮縣鳳林鎮鳳信里,-624,134,758,840,1301,0.6,張振華,無
花蓮縣鳳林鎮鳳智里,-265,116,381,680,985,0.7,黃靜宜,無
花蓮縣鳳林鎮鳳禮里,-148,68,216,402,530,0.8,黃清陽,無
花蓮縣鳳林鎮鳳義里,-311,61,372,405,583,0.7,蕭文立,無
