村里,2024-2022,2024民眾黨,2022村里長得票,2024投票數,2024選舉人數,2024投票率,里長姓名,里長政黨
雲林縣二崙鄉三和村,-374,160,534,914,1393,0.7,李宏隆,無
雲林縣二崙鄉來惠村,-362,171,533,1007,1535,0.7,廖文合,無
雲林縣二崙鄉大同村,-196,86,282,507,799,0.6,鍾金源,無
雲林縣二崙鄉大庄村,-262,134,396,777,1178,0.7,陳水順,無
雲林縣二崙鄉大義村,-346,84,430,493,771,0.6,李育旺,無
雲林縣二崙鄉大華村,-340,91,431,573,836,0.7,銅村榮,無
雲林縣二崙鄉定安村,-213,96,309,570,837,0.7,廖峻慶,無
雲林縣二崙鄉崙東村,-26,204,230,963,1380,0.7,李木魁,無
雲林縣二崙鄉崙西村,-114,236,350,1179,1656,0.7,廖本焜,無
雲林縣二崙鄉庄西村,-360,74,434,513,856,0.6,曹金龍,無
雲林縣二崙鄉復興村,-217,103,320,625,961,0.7,廖鳳藝,無
雲林縣二崙鄉楊賢村,-371,128,499,953,1393,0.7,廖世塏,無
雲林縣二崙鄉永定村,-153,161,314,931,1327,0.7,程伍聰,無
雲林縣二崙鄉油車村,-9,189,198,1114,1660,0.7,李文河,無
雲林縣二崙鄉港後村,-235,134,369,1109,1686,0.7,李清波,無
雲林縣二崙鄉湳仔村,-260,138,398,731,1093,0.7,廖世恭,無
雲林縣二崙鄉田尾村,-127,229,356,1252,1755,0.7,廖國順,無
雲林縣二崙鄉義庄村,-360,62,422,469,701,0.7,李春生,無
雲林縣元長鄉下寮村,-252,148,400,907,1409,0.6,吳森榮,無
雲林縣元長鄉五塊村,-321,88,409,549,830,0.7,蔡龍烟,無
雲林縣元長鄉內寮村,-144,58,202,341,546,0.6,吳國璋,無
雲林縣元長鄉卓運村,-151,26,177,205,323,0.6,陳仁忠,無
雲林縣元長鄉合和村,-417,94,511,623,975,0.6,周連瑩,無
雲林縣元長鄉子茂村,-594,121,715,773,1243,0.6,陳李秋香,無
雲林縣元長鄉客厝村,-308,93,401,482,790,0.6,吳朝慶,無
雲林縣元長鄉山內村,-443,94,537,555,888,0.6,洪家雄,無
雲林縣元長鄉崙仔村,-326,73,399,485,769,0.6,王宗智,無
雲林縣元長鄉後湖村,-164,69,233,456,667,0.7,蔡鴻文,無
雲林縣元長鄉新吉村,-377,66,443,446,651,0.7,陳進朝,無
雲林縣元長鄉潭東村,-287,47,334,357,537,0.7,蕭宗獻,無
雲林縣元長鄉潭西村,-274,45,319,409,689,0.6,李忠信,無
雲林縣元長鄉瓦磘村,-224,136,360,865,1372,0.6,陳中一,無
雲林縣元長鄉西莊村,-215,99,314,522,790,0.7,吳昆龍,無
雲林縣元長鄉長北村,-265,124,389,849,1384,0.6,李傅秀蕋,無
雲林縣元長鄉長南村,53,377,324,2014,3118,0.6,李陳玉美,無
雲林縣元長鄉頂寮村,-468,121,589,663,1068,0.6,蔡倍東,無
雲林縣元長鄉鹿北村,-489,136,625,674,1072,0.6,湯力昇,無
雲林縣元長鄉鹿南村,-480,76,556,499,782,0.6,吳若望,無
雲林縣元長鄉龍岩村,-411,93,504,567,903,0.6,吳水福,無
雲林縣北港鎮中和里,-170,38,208,232,319,0.7,李忠誠,無
雲林縣北港鎮仁和里,-170,78,248,308,431,0.7,傅信豪,無
雲林縣北港鎮仁安里,-153,59,212,306,402,0.8,蔡宸鎂,無
雲林縣北港鎮光復里,-266,283,549,1168,1598,0.7,吳東合,無
雲林縣北港鎮光民里,-242,102,344,489,640,0.8,陳鳳珠,無
雲林縣北港鎮公舘里,-223,94,317,360,504,0.7,許家福,無
雲林縣北港鎮共榮里,-81,72,153,255,346,0.7,陳秀華,無
雲林縣北港鎮劉厝里,-457,149,606,784,1069,0.7,李建昇,無
雲林縣北港鎮南安里,-229,96,325,578,761,0.8,蕭永富,無
雲林縣北港鎮大北里,-328,46,374,319,516,0.6,蔡宗廷,無
雲林縣北港鎮大同里,-102,130,232,740,1068,0.7,蔡英道,無
雲林縣北港鎮好收里,-166,191,357,1023,1481,0.7,楊松源,無
雲林縣北港鎮府番里,-321,107,428,486,749,0.6,黃壹清,無
雲林縣北港鎮後溝里,-146,122,268,626,918,0.7,蔡清波,無
雲林縣北港鎮扶朝里,-379,96,475,674,909,0.7,姚水評,無
雲林縣北港鎮新厝里,-273,47,320,247,369,0.7,王趁,無
雲林縣北港鎮新街里,634,1030,396,4472,6180,0.7,王昭人,無
雲林縣北港鎮東華里,-189,61,250,283,391,0.7,陳富森,無
雲林縣北港鎮東陽里,-244,102,346,484,650,0.7,吳春美,無
雲林縣北港鎮樹腳里,-221,432,653,1995,2831,0.7,許憶珀,無
雲林縣北港鎮水埔里,-232,51,283,309,451,0.7,蘇秉豐,無
雲林縣北港鎮溝皂里,-335,99,434,684,1082,0.6,蔡榮修,無
雲林縣北港鎮番溝里,-236,83,319,417,710,0.6,李慶東,無
雲林縣北港鎮義民里,-153,59,212,268,359,0.7,吳國興,無
雲林縣北港鎮草湖里,-228,144,372,826,1280,0.6,許烜秋,無
雲林縣北港鎮華勝里,276,694,418,3372,4567,0.7,林金章,無
雲林縣北港鎮西勢里,-368,130,498,631,908,0.7,蔡金源,無
雲林縣北港鎮賜福里,-150,33,183,213,285,0.7,蔡明峰,無
雲林縣口湖鄉下崙村,-232,185,417,1032,1907,0.5,吳明海,無
雲林縣口湖鄉口湖村,-602,123,725,631,1035,0.6,呂貴粟,無
雲林縣口湖鄉台子村,-161,165,326,1120,1818,0.6,林榮輝,無
雲林縣口湖鄉埔北村,-230,101,331,480,834,0.6,蔡溪煌,無
雲林縣口湖鄉埔南村,-198,72,270,448,675,0.7,王銘揚,無
雲林縣口湖鄉崙中村,-151,129,280,756,1402,0.5,謝文棋,無
雲林縣口湖鄉崙東村,-805,144,949,809,1343,0.6,曾霖明,無
雲林縣口湖鄉後厝村,-172,74,246,418,653,0.6,何欣容,無
雲林縣口湖鄉成龍村,-508,62,570,503,838,0.6,田志茂,無
雲林縣口湖鄉梧北村,-707,102,809,733,1094,0.7,李尚穎,無
雲林縣口湖鄉梧南村,-184,200,384,1112,1678,0.7,李清南,無
雲林縣口湖鄉水井村,-477,58,535,608,878,0.7,李豐善,無
雲林縣口湖鄉港東村,-604,134,738,789,1401,0.6,黃金樹,無
雲林縣口湖鄉港西村,-256,59,315,474,795,0.6,李永鴻,無
雲林縣口湖鄉湖口村,-540,80,620,552,941,0.6,吳麗花,無
雲林縣口湖鄉湖東村,-673,124,797,691,1114,0.6,蘇龍魁,無
雲林縣口湖鄉蚵寮村,-539,124,663,772,1324,0.6,林彥銘,無
雲林縣口湖鄉謝厝村,-250,94,344,620,942,0.7,謝依芩,無
雲林縣口湖鄉過港村,-255,34,289,313,568,0.6,李文閔,無
雲林縣口湖鄉青蚶村,-181,36,217,274,471,0.6,蔡明堂,無
雲林縣口湖鄉頂湖村,-177,62,239,320,589,0.5,王秋雲,無
雲林縣古坑鄉古坑村,-272,312,584,1467,2217,0.7,韓秋森,無
雲林縣古坑鄉崁腳村,-287,152,439,835,1242,0.7,凃朝欽,無
雲林縣古坑鄉新庄村,-307,183,490,1010,1407,0.7,賴世榮,無
雲林縣古坑鄉朝陽村,-259,294,553,1398,2011,0.7,邱寶賢,無
雲林縣古坑鄉東和村,-121,448,569,2077,3042,0.7,高榮淇,無
雲林縣古坑鄉桂林村,-459,95,554,675,1000,0.7,黃煌儀,無
雲林縣古坑鄉棋盤村,-173,268,441,1356,1950,0.7,王國勝,無
雲林縣古坑鄉樟湖村,-144,36,180,264,414,0.6,廖永樹,無
雲林縣古坑鄉水碓村,-509,130,639,781,1117,0.7,林永結,無
雲林縣古坑鄉永光村,-176,271,447,1433,2060,0.7,賴茂行,無
雲林縣古坑鄉永昌村,-269,281,550,1378,1978,0.7,李裕驊,無
雲林縣古坑鄉湳仔村,-315,84,399,468,671,0.7,吳景富,無
雲林縣古坑鄉田心村,-157,198,355,798,1063,0.8,劉天喜,無
雲林縣古坑鄉草嶺村,-301,30,331,320,510,0.6,陳兵通,無
雲林縣古坑鄉荷苞村,3,188,185,946,1337,0.7,鄭連松,無
雲林縣古坑鄉華南村,-133,39,172,169,254,0.7,余明軒,無
雲林縣古坑鄉華山村,-331,60,391,428,657,0.7,李國和,無
雲林縣古坑鄉西平村,-452,221,673,1121,1536,0.7,陳志賢,無
雲林縣古坑鄉高林村,-258,153,411,780,1101,0.7,高瓊南,無
雲林縣古坑鄉麻園村,-383,80,463,491,726,0.7,劉義岳,無
雲林縣四湖鄉三姓村,-229,27,256,209,334,0.6,劉嗚鋒,無
雲林縣四湖鄉內湖村,-424,51,475,357,715,0.5,吳金發,無
雲林縣四湖鄉四湖村,-264,213,477,1065,1636,0.7,吳金城,無
雲林縣四湖鄉崙北村,-433,127,560,849,1575,0.5,吳德霖,無
雲林縣四湖鄉崙南村,-289,68,357,397,745,0.5,吳美玲,無
雲林縣四湖鄉廣溝村,-313,48,361,289,622,0.5,黃崑火,無
雲林縣四湖鄉新庄村,-336,54,390,374,586,0.6,吳世美,無
雲林縣四湖鄉施湖村,-497,104,601,612,1109,0.6,吳仁欽,無
雲林縣四湖鄉林厝村,-539,74,613,524,968,0.5,林建益,無
雲林縣四湖鄉林東村,-373,60,433,459,889,0.5,王經偉,無
雲林縣四湖鄉湖寮村,-254,63,317,340,672,0.5,王任志,無
雲林縣四湖鄉湖西村,-258,286,544,1482,2111,0.7,王玉鍊,無
雲林縣四湖鄉溪尾村,-283,59,342,370,680,0.5,朱義環,無
雲林縣四湖鄉溪底村,-297,69,366,550,884,0.6,蔡俊裕,無
雲林縣四湖鄉羊調村,-418,74,492,492,843,0.6,吳文界,無
雲林縣四湖鄉萡子村,-363,50,413,424,809,0.5,駱鳳蘭,無
雲林縣四湖鄉萡東村,-513,77,590,499,952,0.5,蔡老列,無
雲林縣四湖鄉蔡厝村,-289,51,340,452,777,0.6,王清忠,無
雲林縣四湖鄉飛東村,-211,43,254,263,490,0.5,吳振利,無
雲林縣四湖鄉飛沙村,-347,59,406,406,770,0.5,吳坤龍,無
雲林縣四湖鄉鹿場村,-248,101,349,493,820,0.6,陳淑君,無
雲林縣土庫鎮北平里,-387,100,487,551,787,0.7,侯萬來,無
雲林縣土庫鎮南平里,-290,195,485,1161,1667,0.7,黃素氣,無
雲林縣土庫鎮埤腳里,-51,133,184,771,1161,0.7,吳超文,無
雲林縣土庫鎮大荖里,-477,107,584,605,828,0.7,周傳,無
雲林縣土庫鎮奮起里,-187,123,310,769,1200,0.6,楊文孔,無
雲林縣土庫鎮宮北里,-242,204,446,1003,1294,0.8,劉夏苓,無
雲林縣土庫鎮崙內里,-183,190,373,966,1456,0.7,吳添丁,無
雲林縣土庫鎮後埔里,-233,366,599,1517,2215,0.7,王長慶,無
雲林縣土庫鎮忠正里,-197,88,285,537,738,0.7,林曾彬彬,無
雲林縣土庫鎮新庄里,-248,174,422,922,1341,0.7,陳信賓,無
雲林縣土庫鎮東平里,-108,206,314,1265,1799,0.7,黃再添,無
雲林縣土庫鎮溪邊里,-120,130,250,748,1050,0.7,陳世宗,無
雲林縣土庫鎮石廟里,-86,532,618,2065,2899,0.7,許荺蓁,無
雲林縣土庫鎮興新里,-59,207,266,922,1365,0.7,陳信志,無
雲林縣土庫鎮西平里,-234,216,450,1134,1676,0.7,林吳秋嬌,無
雲林縣土庫鎮越港里,-493,146,639,778,1030,0.8,陳冠汝,無
雲林縣土庫鎮順天里,-372,119,491,607,822,0.7,楊鼎雄,無
雲林縣大埤鄉三結村,-677,143,820,768,1133,0.7,徐萬成,無
雲林縣大埤鄉北和村,-392,90,482,493,700,0.7,沈良定,無
雲林縣大埤鄉北鎮村,-403,81,484,473,633,0.7,謝明志,無
雲林縣大埤鄉南和村,-72,292,364,1491,2061,0.7,翁素蘭,無
雲林縣大埤鄉吉田村,-166,75,241,469,672,0.7,蕭丁財,無
雲林縣大埤鄉嘉興村,60,230,170,1251,1745,0.7,沈定正,無
雲林縣大埤鄉大德村,-270,124,394,608,907,0.7,張文秋,無
雲林縣大埤鄉尚義村,-21,247,268,1363,1910,0.7,許慶源,無
雲林縣大埤鄉怡然村,-176,91,267,487,687,0.7,許金發,無
雲林縣大埤鄉松竹村,-503,110,613,587,860,0.7,梁松鵬,無
雲林縣大埤鄉聯美村,-357,116,473,685,1010,0.7,吳美齡,無
雲林縣大埤鄉興安村,-418,84,502,431,633,0.7,劉國民,無
雲林縣大埤鄉西鎮村,-281,72,353,395,659,0.6,唐文卿,無
雲林縣大埤鄉豐岡村,-292,62,354,381,553,0.7,張佩寓,無
雲林縣大埤鄉豐田村,-286,247,533,1113,1520,0.7,沈英正,無
雲林縣崙背鄉五魁村,-228,95,323,483,756,0.6,許明全,無
雲林縣崙背鄉南陽村,-297,333,630,1591,2213,0.7,李重勲,無
雲林縣崙背鄉大有村,-252,140,392,892,1416,0.6,黃木榮,無
雲林縣崙背鄉崙前村,-249,242,491,1304,1932,0.7,李文宏,無
雲林縣崙背鄉東明村,-612,10,622,632,1054,0.6,劉榮豐,無
雲林縣崙背鄉枋南村,-187,78,265,473,703,0.7,鍾三東,無
雲林縣崙背鄉水尾村,-490,106,596,793,1127,0.7,鍾順亨,無
雲林縣崙背鄉港尾村,-443,143,586,784,1197,0.7,廖炳淞,無
雲林縣崙背鄉羅厝村,-359,229,588,1362,1993,0.7,李照域,無
雲林縣崙背鄉舊庄村,-446,110,556,641,1065,0.6,許進田,無
雲林縣崙背鄉草湖村,-293,154,447,879,1348,0.7,林琮浩,無
雲林縣崙背鄉西榮村,-630,199,829,943,1370,0.7,李金樹,無
雲林縣崙背鄉豐榮村,-237,179,416,941,1616,0.6,許國興,無
雲林縣崙背鄉阿勸村,-384,256,640,1277,1935,0.7,廖培廷,無
雲林縣斗六市三光里,-231,57,288,352,513,0.7,黃順昌,無
雲林縣斗六市三平里,515,894,379,3532,4751,0.7,黃玉昭,無
雲林縣斗六市中和里,-224,101,325,562,745,0.8,于誠亮,無
雲林縣斗六市久安里,-169,372,541,1684,2313,0.7,凃凱翔,中國國民黨
雲林縣斗六市仁愛里,-517,141,658,774,1015,0.8,洪弘倫,無
雲林縣斗六市保庄里,547,972,425,4001,5354,0.7,李芳美,無
雲林縣斗六市信義里,-138,97,235,453,570,0.8,施耀斐,無
雲林縣斗六市光興里,-347,99,446,479,694,0.7,林柏洋,無
雲林縣斗六市八德里,162,460,298,2174,3077,0.7,林錫達,無
雲林縣斗六市公正里,-127,482,609,2064,2809,0.7,鄭文成,無
雲林縣斗六市公誠里,-315,380,695,1587,2099,0.8,張清徽,無
雲林縣斗六市十三里,-467,155,622,832,1133,0.7,張進啓,無
雲林縣斗六市嘉東里,-248,248,496,1050,1437,0.7,張超雄,無
雲林縣斗六市四維里,-81,76,157,405,558,0.7,呂昶夆,無
雲林縣斗六市太平里,-176,115,291,559,734,0.8,邱文富,無
雲林縣斗六市崙峯里,-71,392,463,1733,2368,0.7,林兩和,中國國民黨
雲林縣斗六市忠孝里,-481,224,705,1012,1310,0.8,陳建成,無
雲林縣斗六市成功里,-296,471,767,2000,2544,0.8,曾景坐,無
雲林縣斗六市文化里,-267,402,669,1639,2231,0.7,王明池,無
雲林縣斗六市明德里,112,679,567,2738,3651,0.7,賴國進,無
雲林縣斗六市林頭里,229,688,459,2969,4086,0.7,張雅筑,無
雲林縣斗六市梅林里,-191,252,443,1305,1804,0.7,賴坤立,無
雲林縣斗六市榴中里,80,727,647,3079,4422,0.7,蔡芳聰,無
雲林縣斗六市榴北里,-458,135,593,698,1053,0.7,張朝明,無
雲林縣斗六市榴南里,-338,418,756,1524,2148,0.7,何錦龍,無
雲林縣斗六市正心里,-380,319,699,1394,1911,0.7,吳志聰,無
雲林縣斗六市江厝里,-389,296,685,1471,2145,0.7,沈永清,無
雲林縣斗六市湖山里,-296,117,413,718,1047,0.7,蔡榮賢,無
雲林縣斗六市溝埧里,-348,87,435,464,629,0.7,江麗華,無
雲林縣斗六市溪洲里,68,506,438,2180,3161,0.7,徐文順,無
雲林縣斗六市社口里,-357,380,737,1600,2174,0.7,蘇宴民,無
雲林縣斗六市虎溪里,287,515,228,2378,3307,0.7,籃樹盛,無
雲林縣斗六市重光里,20,382,362,1594,2283,0.7,姜宗文,無
雲林縣斗六市鎮北里,78,448,370,2015,2644,0.8,劉弘暉,無
雲林縣斗六市鎮南里,264,545,281,2451,3340,0.7,林家泰,無
雲林縣斗六市鎮東里,47,392,345,1693,2205,0.8,楊鴻玉,無
雲林縣斗六市鎮西里,177,569,392,2442,3604,0.7,張寶德,無
雲林縣斗六市長安里,241,544,303,2355,3266,0.7,楊美滿,無
雲林縣斗六市長平里,30,326,296,1400,1893,0.7,高忠傑,無
雲林縣斗六市龍潭里,44,311,267,1303,1732,0.8,關紋舜,無
雲林縣斗南鎮中天里,-659,168,827,889,1172,0.8,沈政勳,無
雲林縣斗南鎮僑真里,75,368,293,1602,2235,0.7,陳建名,無
雲林縣斗南鎮北銘里,-716,203,919,1015,1351,0.8,徐見銘,無
雲林縣斗南鎮南昌里,-122,283,405,1472,2119,0.7,沈銘偉,無
雲林縣斗南鎮埤麻里,-482,85,567,517,765,0.7,詹勝富,無
雲林縣斗南鎮大同里,-83,478,561,2057,2849,0.7,沈村男,無
雲林縣斗南鎮大東里,-486,123,609,597,841,0.7,沈永靖,無
雲林縣斗南鎮將軍里,-57,207,264,1107,1616,0.7,沈榮華,無
雲林縣斗南鎮小東里,-281,210,491,1003,1383,0.7,張長國,無
雲林縣斗南鎮新光里,-255,440,695,1996,2759,0.7,吳秋蓮,無
雲林縣斗南鎮新南里,-323,104,427,475,701,0.7,宋國源,無
雲林縣斗南鎮新崙里,-245,196,441,1003,1408,0.7,沈合成,無
雲林縣斗南鎮明昌里,-186,530,716,2468,3366,0.7,蔡淑惠,無
雲林縣斗南鎮東仁里,-408,158,566,841,1102,0.8,凃維志,無
雲林縣斗南鎮東明里,-115,116,231,657,907,0.7,楊進原,無
雲林縣斗南鎮林子里,-322,193,515,895,1254,0.7,黃順助,無
雲林縣斗南鎮田頭里,-125,342,467,1509,2088,0.7,李妙女,無
雲林縣斗南鎮石溪里,-244,97,341,557,779,0.7,高永建,無
雲林縣斗南鎮石龜里,-390,93,483,535,714,0.7,吳村田,無
雲林縣斗南鎮舊社里,32,446,414,1923,2618,0.7,葉永萌,無
雲林縣斗南鎮西伯里,-431,100,531,554,808,0.7,沈憲卿,無
雲林縣斗南鎮西岐里,-21,298,319,1507,2058,0.7,王慧評,無
雲林縣斗南鎮阿丹里,-427,137,564,776,1080,0.7,曾明瑞,無
雲林縣斗南鎮靖興里,-483,108,591,597,837,0.7,宋道周,無
雲林縣東勢鄉同安村,-390,180,570,1111,1802,0.6,陳俊來,無
雲林縣東勢鄉嘉隆村,-319,144,463,921,1454,0.6,黃寶榮,無
雲林縣東勢鄉四美村,-77,60,137,568,938,0.6,吳鐵全,無
雲林縣東勢鄉安南村,-365,80,445,449,747,0.6,謝君貝,無
雲林縣東勢鄉復興村,-274,65,339,362,497,0.7,張文發,無
雲林縣東勢鄉新坤村,-447,84,531,598,977,0.6,黃華山,無
雲林縣東勢鄉昌南村,-457,55,512,521,793,0.7,陳論,無
雲林縣東勢鄉月眉村,-504,125,629,678,1076,0.6,張見文,無
雲林縣東勢鄉東北村,-649,155,804,814,1140,0.7,黃榮堂,無
雲林縣東勢鄉東南村,-177,189,366,968,1373,0.7,林素敏,無
雲林縣東勢鄉程海村,-207,57,264,349,522,0.7,吳振嘉,無
雲林縣東勢鄉龍潭村,-541,55,596,459,759,0.6,黃定峯,無
雲林縣林內鄉九芎村,-57,373,430,1704,2488,0.7,林俊州,無
雲林縣林內鄉坪頂村,-267,49,316,319,466,0.7,林賢宗,無
雲林縣林內鄉林中村,224,537,313,2516,3431,0.7,詹文邦,無
雲林縣林內鄉林北村,-114,285,399,1423,1991,0.7,蔡錦騰,無
雲林縣林內鄉林南村,-534,146,680,685,959,0.7,林鴻顏,無
雲林縣林內鄉林茂村,-261,125,386,539,789,0.7,張維達,無
雲林縣林內鄉湖本村,-376,90,466,421,609,0.7,林文祥,無
雲林縣林內鄉烏塗村,-571,141,712,732,1059,0.7,張翠屏,無
雲林縣林內鄉烏麻村,-318,132,450,676,966,0.7,詹飛聲,無
雲林縣林內鄉重興村,-91,246,337,1248,1725,0.7,張聰賜,無
雲林縣水林鄉土厝村,-542,125,667,709,1080,0.7,蔡陣順,無
雲林縣水林鄉塭底村,-290,48,338,375,630,0.6,黃志金,無
雲林縣水林鄉大山村,-685,80,765,624,961,0.6,李瀛斌,無
雲林縣水林鄉大溝村,-527,89,616,579,922,0.6,李啓政,無
雲林縣水林鄉尖山村,-231,70,301,426,625,0.7,楊政勳,無
雲林縣水林鄉山腳村,-450,47,497,455,720,0.6,潘志誠,無
雲林縣水林鄉後寮村,-262,63,325,385,613,0.6,陳正龍,無
雲林縣水林鄉春埔村,-358,60,418,563,893,0.6,嚴清山,無
雲林縣水林鄉松中村,-217,26,243,301,459,0.7,林勝郎,無
雲林縣水林鄉松北村,-251,89,340,586,922,0.6,黃永成,無
雲林縣水林鄉松西村,-380,35,415,378,597,0.6,郭天助,無
雲林縣水林鄉水北村,-193,247,440,1306,2050,0.6,洪茂仁,無
雲林縣水林鄉水南村,-169,250,419,1334,1919,0.7,陳松安,無
雲林縣水林鄉海埔村,-411,88,499,576,925,0.6,莊國豐,無
雲林縣水林鄉溪墘村,-261,93,354,513,744,0.7,鄭振裕,無
雲林縣水林鄉灣東村,-123,52,175,346,556,0.6,黃博厚,無
雲林縣水林鄉灣西村,-333,77,410,503,837,0.6,黃常,無
雲林縣水林鄉瓊埔村,-305,46,351,385,616,0.6,柯艷華,無
雲林縣水林鄉萬興村,-413,71,484,403,645,0.6,柳瑞吉,無
雲林縣水林鄉蕃薯村,-564,82,646,569,899,0.6,吳世明,無
雲林縣水林鄉蘇秦村,-266,70,336,519,896,0.6,吳志孟,無
雲林縣水林鄉西井村,-159,64,223,394,579,0.7,丁明富,無
雲林縣水林鄉車港村,-224,52,276,333,550,0.6,蔡炳煌,無
雲林縣水林鄉順興村,-236,67,303,442,740,0.6,李振明,無
雲林縣臺西鄉五榔村,-183,33,216,265,427,0.6,吳東峰,無
雲林縣臺西鄉五港村,2,213,211,1064,1690,0.6,林春福,無
雲林縣臺西鄉光華村,-230,70,300,423,633,0.7,丁金城,無
雲林縣臺西鄉台西村,-503,158,661,763,1151,0.7,賴俊傑,無
雲林縣臺西鄉和豐村,-160,288,448,1635,2789,0.6,林培煌,無
雲林縣臺西鄉富琦村,-62,200,262,941,1444,0.7,林宏諺,無
雲林縣臺西鄉山寮村,-380,70,450,444,781,0.6,林麗美,無
雲林縣臺西鄉永豐村,-170,168,338,808,1252,0.6,許文毅,無
雲林縣臺西鄉泉州村,-189,73,262,323,564,0.6,丁金獅,無
雲林縣臺西鄉海北村,-668,131,799,661,1027,0.6,丁金勤,無
雲林縣臺西鄉海南村,-280,125,405,646,1043,0.6,吳志勇,無
雲林縣臺西鄉海口村,-338,261,599,1158,1899,0.6,吳志雄,無
雲林縣臺西鄉溪頂村,-369,131,500,808,1367,0.6,林錠玉,無
雲林縣臺西鄉牛厝村,-102,156,258,983,1731,0.6,龔英俊,無
雲林縣臺西鄉蚊港村,-232,171,403,965,1610,0.6,許旭哲,無
雲林縣莿桐鄉五華村,-371,142,513,846,1229,0.7,李佳誠,無
雲林縣莿桐鄉六合村,-256,215,471,1234,1716,0.7,張綺苓,無
雲林縣莿桐鄉四合村,-216,235,451,1186,1658,0.7,蔡見成,無
雲林縣莿桐鄉埔子村,-287,312,599,1424,1959,0.7,李江淋,無
雲林縣莿桐鄉埔尾村,-723,170,893,868,1172,0.7,張義豐,無
雲林縣莿桐鄉大美村,-108,457,565,2180,2980,0.7,何順良,無
雲林縣莿桐鄉甘厝村,-275,134,409,612,829,0.7,張向,無
雲林縣莿桐鄉甘西村,-254,169,423,1001,1480,0.7,林建旭,無
雲林縣莿桐鄉義和村,-570,120,690,683,1015,0.7,歐景文,無
雲林縣莿桐鄉興桐村,-311,120,431,814,1113,0.7,林慶聰,無
雲林縣莿桐鄉興貴村,-242,240,482,1254,1812,0.7,黃聰府,無
雲林縣莿桐鄉莿桐村,-114,576,690,2925,4058,0.7,陳堅棻,無
雲林縣莿桐鄉饒平村,-290,159,449,755,1092,0.7,錢國榮,無
雲林縣莿桐鄉麻園村,-200,156,356,969,1363,0.7,鄭永鴻,無
雲林縣虎尾鎮三合里,-605,206,811,975,1300,0.8,林坤泉,無
雲林縣虎尾鎮下溪里,-121,240,361,1107,1440,0.8,周勝騰,無
雲林縣虎尾鎮中山里,-448,123,571,609,843,0.7,陳坤珍,無
雲林縣虎尾鎮中溪里,-343,173,516,968,1278,0.8,周健民,無
雲林縣虎尾鎮公安里,-102,418,520,1995,2694,0.7,黃中輝,無
雲林縣虎尾鎮北溪里,-294,178,472,600,823,0.7,陳俊旗,無
雲林縣虎尾鎮埒內里,-55,389,444,1865,2505,0.7,鐘大焜,無
雲林縣虎尾鎮堀頭里,-373,143,516,635,822,0.8,李萬壽,無
雲林縣虎尾鎮墾地里,44,463,419,1580,2208,0.7,黃秋雄,無
雲林縣虎尾鎮安慶里,-536,171,707,929,1271,0.7,廖勝雄,無
雲林縣虎尾鎮安溪里,-217,265,482,1223,1683,0.7,蔡朝忠,無
雲林縣虎尾鎮平和里,276,929,653,3460,4510,0.8,陳麗娟,無
雲林縣虎尾鎮廉使里,-144,655,799,2697,3644,0.7,林麗娟,無
雲林縣虎尾鎮延平里,-500,194,694,810,1113,0.7,周章銅,無
雲林縣虎尾鎮建國里,-229,70,299,321,537,0.6,蘇成就,無
雲林縣虎尾鎮德興里,-217,384,601,1742,2393,0.7,陳錦松,無
雲林縣虎尾鎮惠來里,-139,300,439,1583,2265,0.7,周文章,無
雲林縣虎尾鎮新吉里,90,644,554,2745,3731,0.7,謝銀樹,無
雲林縣虎尾鎮新興里,-148,230,378,1085,1654,0.7,蔡榮富,無
雲林縣虎尾鎮東仁里,-234,362,596,1836,2425,0.8,鄭蔡雪娥,無
雲林縣虎尾鎮東屯里,-643,162,805,834,1183,0.7,方西湖,無
雲林縣虎尾鎮穎川里,62,348,286,1470,1978,0.7,郭惠珍,無
雲林縣虎尾鎮立仁里,-23,587,610,2630,3549,0.7,楊素珍,無
雲林縣虎尾鎮興中里,-56,226,282,1148,1595,0.7,蔡添丁,無
雲林縣虎尾鎮興南里,-112,369,481,1568,2204,0.7,周清石,無
雲林縣虎尾鎮芳草里,-373,128,501,591,873,0.7,趙朝勤,無
雲林縣虎尾鎮西安里,115,461,346,2172,3017,0.7,詹岳霖,無
雲林縣虎尾鎮西屯里,-348,200,548,999,1424,0.7,王文杉,無
雲林縣虎尾鎮頂溪里,-455,366,821,1826,2464,0.7,陳天飛,無
雲林縣褒忠鄉中勝村,-305,195,500,991,1380,0.7,張文邦,無
雲林縣褒忠鄉中民村,-328,265,593,1280,1769,0.7,吳明和,無
雲林縣褒忠鄉埔姜村,-98,181,279,956,1410,0.7,陳金北,無
雲林縣褒忠鄉新湖村,-287,110,397,727,1095,0.7,吳淑娟,無
雲林縣褒忠鄉有才村,-523,80,603,515,793,0.6,曾樹頭,無
雲林縣褒忠鄉潮厝村,-448,92,540,501,812,0.6,陳成琮,無
雲林縣褒忠鄉田洋村,-345,102,447,506,713,0.7,章深根,無
雲林縣褒忠鄉馬鳴村,-203,164,367,914,1351,0.7,許文禎,無
雲林縣褒忠鄉龍岩村,-385,123,508,749,1128,0.7,康榮福,無
雲林縣西螺鎮七座里,-249,103,352,581,856,0.7,廖學智,無
雲林縣西螺鎮下湳里,-488,119,607,559,789,0.7,張彩媚,無
雲林縣西螺鎮中和里,-221,70,291,368,513,0.7,陳泰川,無
雲林縣西螺鎮中興里,-6,435,441,2002,2841,0.7,楊素戀,無
雲林縣西螺鎮九隆里,-289,92,381,476,670,0.7,黃進國,無
雲林縣西螺鎮光華里,-419,152,571,740,999,0.7,廖錦銘,無
雲林縣西螺鎮公舘里,-291,176,467,917,1312,0.7,李沐威,無
雲林縣西螺鎮吳厝里,-628,153,781,826,1221,0.7,廖金龍,無
雲林縣西螺鎮埤頭里,-364,105,469,568,827,0.7,李美玲,無
雲林縣西螺鎮大園里,-267,245,512,1199,1665,0.7,廖進堂,無
雲林縣西螺鎮大新里,-80,205,285,1026,1501,0.7,廖重顯,無
雲林縣西螺鎮安定里,-317,210,527,1143,1757,0.7,蕭凱升,無
雲林縣西螺鎮廣福里,-280,352,632,1462,1990,0.7,王足,無
雲林縣西螺鎮廣興里,-253,90,343,565,827,0.7,廖振毅,無
雲林縣西螺鎮振興里,-300,191,491,1012,1439,0.7,陳秀鑾,無
雲林縣西螺鎮新安里,-494,170,664,845,1199,0.7,林誌明,無
雲林縣西螺鎮新豐里,-500,182,682,1008,1436,0.7,王風雲,無
雲林縣西螺鎮東興里,-215,115,330,641,903,0.7,林學正,無
雲林縣西螺鎮正興里,-190,447,637,2018,2794,0.7,陳雙全,無
雲林縣西螺鎮永安里,-145,44,189,225,293,0.8,廖素珍,無
雲林縣西螺鎮河南里,-424,163,587,746,1085,0.7,李湖,無
雲林縣西螺鎮漢光里,107,775,668,3219,4600,0.7,廖本淵,無
雲林縣西螺鎮福田里,-327,190,517,997,1396,0.7,廖聰義,無
雲林縣西螺鎮福興里,-110,88,198,428,563,0.8,邱敏雀,無
雲林縣西螺鎮詔安里,-363,140,503,650,948,0.7,程大源,無
雲林縣西螺鎮頂湳里,-387,110,497,663,910,0.7,黃彩秋,無
雲林縣西螺鎮鹿場里,-288,173,461,936,1417,0.7,梁世運,無
雲林縣麥寮鄉三盛村,-250,366,616,1407,2252,0.6,許智斌,無
雲林縣麥寮鄉中興村,-164,269,433,985,1562,0.6,許再發,無
雲林縣麥寮鄉崙後村,-85,391,476,1672,2775,0.6,許賞,無
雲林縣麥寮鄉後安村,38,421,383,1712,3039,0.6,許進宗,無
雲林縣麥寮鄉新吉村,-484,189,673,745,1202,0.6,鍾錦翠,無
雲林縣麥寮鄉施厝村,-483,567,1050,2267,3666,0.6,許勝結,無
雲林縣麥寮鄉橋頭村,352,686,334,2617,4061,0.6,許欽煌,無
雲林縣麥寮鄉海豐村,-149,333,482,1313,2228,0.6,陳連對,無
雲林縣麥寮鄉瓦磘村,-541,226,767,1208,1983,0.6,林慶郎,無
雲林縣麥寮鄉興華村,96,457,361,1873,3006,0.6,蔡明宏,無
雲林縣麥寮鄉雷厝村,-463,318,781,1422,2236,0.6,林秋城,無
雲林縣麥寮鄉麥津村,215,697,482,2655,4275,0.6,林東宏,無
雲林縣麥寮鄉麥豐村,907,1287,380,4821,7526,0.6,吳子瑋,無
